x	t	n
 0.5905  0.7372 14497.0000 
 0.2803  0.8518 13263.0000 
 0.6147  0.6833 23193.0000 
 0.3533  0.8323 16030.0000 
 0.0585  0.8529 14649.0000 
 0.8279  0.6412 21242.0000 
 0.5213  0.7407 20618.0000 
 0.2803  0.8366 28537.0000 
 0.5082  0.7670 25580.0000 
 0.1293  0.8011 13924.0000 
 0.2048  0.8212 16309.0000 
 0.6109  0.6967 12695.0000 
 0.5513  0.7303 22088.0000 
 0.1275  0.8628 14452.0000 
 0.0542  0.8265 9164.0000 
 0.2223  0.7738 18122.0000 
 0.3867  0.7925 17782.0000 
 0.4603  0.7538 15285.0000 
 0.3630  0.7963 11529.0000 
 0.2624  0.7913 22830.0000 
 0.3106  0.8267 16489.0000 
 0.2630  0.7934 15138.0000 
 0.8081  0.6144 40389.0000 
 0.4734  0.7807 20305.0000 
 0.3024  0.8126 13274.0000 
 0.1840  0.8371 27995.0000 
 0.1145  0.8345 11133.0000 
 0.1048  0.8104 13220.0000 
 0.1642  0.7971 17927.0000 
 0.8566  0.5676 16268.0000 
 0.7792  0.6269 19983.0000 
 0.4678  0.7477 14306.0000 
 0.2910  0.8149 22857.0000 
 0.0952  0.8116 22956.0000 
 0.4205  0.8664 174724.0000 
 0.1776  0.8584 11968.0000 
 0.2357  0.8272 21832.0000 
 0.3262  0.7578 15324.0000 
 0.5794  0.7032 23629.0000 
 0.3861  0.7123 18981.0000 
 0.8739  0.5491 23040.0000 
 0.8353  0.6893 18755.0000 
 0.4024  0.7698 34607.0000 
 0.7699  0.5620 28845.0000 
 0.4382  0.8555 63959.0000 
 0.5749  0.6888 18840.0000 
 0.6843  0.7518 63652.0000 
 0.2515  0.8468 24621.0000 
 0.7817  0.6464 22403.0000 
 0.5172  0.6518 17805.0000 
 0.4599  0.7444 22004.0000 
 0.2322  0.8281 16792.0000 
 0.7607  0.6315 18481.0000 
 0.1821  0.8552 14523.0000 
 0.2922  0.7966 19093.0000 
 0.8022  0.5685 20787.0000 
 0.4731  0.7626 26777.0000 
 0.3608  0.7641 21781.0000 
 0.4047  0.7606 34799.0000 
 0.1951  0.8377 25780.0000 
 0.4204  0.7689 10163.0000 
 0.8064  0.6345 24815.0000 
 0.2591  0.9110 11866.0000 
 0.5366  0.8668 18110.0000 
 0.3161  0.8619 10045.0000 
 0.3487  0.8228 6785.0000 
 0.8067  0.6932 16691.0000 
 0.3042  0.8846 16784.0000 
 0.3095  0.8431 9215.0000 
 0.4411  0.8262 16580.0000 
 0.3692  0.8440 15765.0000 
 0.0531  0.9075 19911.0000 
 0.0927  0.8959 17007.0000 
 0.8471  0.8133 17194.0000 
 0.4415  0.8511 10208.0000 
 0.3574  0.8942 8830.0000 
 0.7962  0.6898 11585.0000 
 0.5353  0.8068 15609.0000 
 0.1903  0.9039 16328.0000 
 0.1870  0.9259 21353.0000 
 0.1073  0.9151 6340.0000 
 0.4869  0.8581 20002.0000 
 0.1373  0.9141 10633.0000 
 0.2031  0.8984 11792.0000 
 0.0560  0.9189 17568.0000 
 0.2736  0.8625 16954.0000 
 0.7142  0.8076 39918.0000 
 0.5264  0.8552 9985.0000 
 0.7843  0.8562 18208.0000 
 0.6740  0.8138 11030.0000 
 0.4197  0.8238 9735.0000 
 0.4056  0.8448 19982.0000 
 0.3763  0.8348 14424.0000 
 0.4602  0.7861 22686.0000 
 0.6327  0.8006 14707.0000 
 0.3410  0.8430 13251.0000 
 0.5541  0.8652 15419.0000 
 0.1016  0.8839 6406.0000 
 0.7838  0.8105 25841.0000 
 0.0767  0.9037 8644.0000 
 0.1765  0.9380 9305.0000 
 0.0787  0.8906 16909.0000 
 0.3233  0.8888 9917.0000 
 0.4120  0.8953 68630.0000 
 0.6837  0.7962 16656.0000 
 0.1197  0.8824 11699.0000 
 0.1122  0.9426 38881.0000 
 0.1355  0.9140 11422.0000 
 0.4321  0.7948 21282.0000 
 0.0769  0.9266 20369.0000 
 0.5829  0.8267 14471.0000 
 0.0704  0.8958 18151.0000 
 0.2204  0.9042 26199.0000 
 0.1303  0.9315 100440.0000 
 0.1623  0.8944 36441.0000 
 0.5570  0.8259 25308.0000 
 0.2536  0.7790 3222.0000 
 0.2847  0.8698 9971.0000 
 0.2999  0.9373 3715.0000 
 0.2903  0.8303 5098.0000 
 0.5583  0.7789 5157.0000 
 0.4062  0.8622 4476.0000 
 0.4720  0.8472 12667.0000 
 0.3567  0.9585 9605.0000 
 0.1757  0.9427 10399.0000 
 0.5007  0.9154 61589.0000 
 0.4094  0.8909 29170.0000 
 0.4936  0.8049 4151.0000 
 0.6601  0.7078 16178.0000 
 0.4645  0.7867 8316.0000 
 0.5545  0.8496 3690.0000 
 0.2208  0.9188 60426.0000 
 0.1139  0.7722 7896.0000 
 0.4821  0.7426 20782.0000 
 0.7521  0.7822 12377.0000 
 0.2118  0.8612 4684.0000 
 0.3794  0.8699 7440.0000 
 0.1608  0.9560 4752.0000 
 0.7545  0.7522 14723.0000 
 0.4617  0.8458 7550.0000 
 0.4665  0.8165 3220.0000 
 0.5451  0.7513 11722.0000 
 0.2628  0.9231 7245.0000 
 0.6004  0.8559 20230.0000 
 0.2695  0.9113 16472.0000 
 0.5412  0.8240 7733.0000 
 0.3841  0.9153 14989.0000 
 0.1701  0.9205 4279.0000 
 0.4087  0.9443 4434.0000 
 0.3428  0.8469 5717.0000 
 0.3176  0.9333 18370.0000 
 0.5149  0.8920 10182.0000 
 0.4235  0.8913 10444.0000 
 0.2237  0.9336 3058.0000 
 0.3005  0.8358 10576.0000 
 0.3348  0.8900 4883.0000 
 0.4197  0.8108 13110.0000 
 0.4058  0.7913 5170.0000 
 0.3928  0.8954 13146.0000 
 0.5034  0.8147 3335.0000 
 0.3048  0.8083 11620.0000 
 0.3063  0.8502 11445.0000 
 0.2410  0.8341 8332.0000 
 0.7216  0.5660 5647.0000 
 0.5683  0.7222 14236.0000 
 0.2004  0.7975 7674.0000 
 0.2523  0.8055 18106.0000 
 0.4100  0.8474 8807.0000 
 0.2809  0.8250 15620.0000 
 0.4885  0.8774 44705.0000 
 0.5787  0.7470 16612.0000 
 0.4991  0.7759 4664.0000 
 0.3937  0.8509 17895.0000 
 0.8168  0.6805 19701.0000 
 0.5142  0.8042 9705.0000 
 0.7272  0.5961 8031.0000 
 0.6677  0.7640 5441.0000 
 0.3212  0.8285 7831.0000 
 0.2025  0.8555 21574.0000 
 0.0641  0.9239 5400.0000 
 0.2706  0.7759 3355.0000 
 0.5570  0.8274 64585.0000 
 0.6770  0.6943 3876.0000 
 0.1805  0.8557 9675.0000 
 0.0684  0.8752 11733.0000 
 0.4965  0.8001 17574.0000 
 0.7155  0.6916 6320.0000 
 0.4378  0.8210 7535.0000 
 0.4130  0.7934 5974.0000 
 0.2600  0.8756 20841.0000 
 0.3666  0.7816 15111.0000 
 0.2430  0.8400 13780.0000 
 0.7371  0.6916 8734.0000 
 0.5532  0.7654 20643.0000 
 0.5755  0.7272 5715.0000 
 0.5319  0.8042 11877.0000 
 0.0682  0.8553 2917.0000 
 0.5750  0.7547 20586.0000 
 0.3003  0.8526 20478.0000 
 0.4220  0.7588 13806.0000 
 0.6128  0.6872 14344.0000 
 0.7445  0.5461 12429.0000 
 0.2375  0.8832 6421.0000 
 0.6144  0.7340 12549.0000 
 0.3110  0.8214 2363.0000 
 0.4236  0.7886 7132.0000 
 0.4941  0.7817 16765.0000 
 0.3987  0.7615 17188.0000 
 0.3400  0.8119 7645.0000 
 0.2878  0.8547 26924.0000 
 0.0908  0.8320 8248.0000 
 0.2233  0.8170 12282.0000 
 0.3340  0.9084 142942.0000 
 0.3175  0.7596 3219.0000 
 0.6173  0.8106 12004.0000 
 0.0885  0.8812 11242.0000 
 0.3925  0.7792 12665.0000 
 0.6178  0.6964 13529.0000 
 0.1522  0.8364 20377.0000 
 0.0743  0.8613 7050.0000 
 0.1566  0.8490 18465.0000 
 0.7277  0.7386 13459.0000 
 0.1521  0.8843 9449.0000 
 0.6983  0.7109 12700.0000 
 0.3180  0.7711 11118.0000 
 0.3391  0.7927 7625.0000 
 0.5048  0.7819 14327.0000 
 0.7221  0.7001 16765.0000 
 0.4765  0.7649 7202.0000 
 0.2798  0.8238 21107.0000 
 0.6811  0.6857 11742.0000 
 0.2683  0.8197 4204.0000 
 0.5946  0.7999 14949.0000 
 0.6382  0.6880 8257.0000 
 0.4282  0.7879 8858.0000 
 0.6940  0.7109 9150.0000 
 0.4910  0.7667 24493.0000 
 0.8537  0.5747 8529.0000 
 0.6461  0.8266 9252.0000 
 0.5904  0.7420 5999.0000 
 0.5209  0.8343 17687.0000 
 0.0574  0.7838 3886.0000 
 0.5774  0.8040 7613.0000 
 0.7633  0.8146 4665.0000 
 0.6868  0.6883 10733.0000 
 0.3033  0.7616 11399.0000 
 0.5686  0.6567 6367.0000 
 0.5716  0.7263 17651.0000 
 0.4023  0.6969 5362.0000 
 0.0912  0.8675 5079.0000 
 0.5334  0.7086 15533.0000 
 0.6479  0.7223 14315.0000 
 0.3703  0.8391 13378.0000 
 0.6770  0.6791 14286.0000 
 0.4579  0.8276 28077.0000 
 0.5052  0.7970 13188.0000 
 0.4598  0.7449 7707.0000 
 0.6010  0.7085 13043.0000 
 0.1105  0.8240 9623.0000 
 0.0515  0.8239 6214.0000 
 0.2726  0.8682 7366.0000 
 0.5062  0.7589 14044.0000 
 0.2840  0.8270 14232.0000 
 0.5880  0.6933 16179.0000 
 0.7207  0.6306 9904.0000 
 0.7591  0.6408 3146.0000 
 0.6679  0.6733 13356.0000 
 0.4911  0.8703 47837.0000 
 0.3907  0.8353 6337.0000 
 0.6158  0.7965 3675.0000 
 0.5884  0.7066 13833.0000 
 0.5007  0.7735 14511.0000 
 0.2290  0.8716 6729.0000 
 0.7493  0.7663 9446.0000 
 0.7185  0.7516 21263.0000 
 0.6802  0.6935 8249.0000 
 0.7232  0.7275 6264.0000 
 0.3148  0.8544 12603.0000 
 0.4775  0.7476 7571.0000 
 0.3564  0.8414 9292.0000 
 0.7396  0.6202 15841.0000 
 0.5836  0.7719 21134.0000 
 0.3362  0.8237 8060.0000 
 0.3132  0.7842 7762.0000 
 0.5780  0.7666 19145.0000 
 0.4023  0.7758 6913.0000 
 0.6783  0.7084 7566.0000 
 0.5372  0.7878 9069.0000 
 0.1328  0.8939 13446.0000 
 0.3897  0.7977 17844.0000 
 0.4015  0.8504 16823.0000 
 0.6664  0.7713 8471.0000 
 0.6104  0.7567 19938.0000 
 0.2648  0.8410 8946.0000 
 0.6655  0.7245 4257.0000 
 0.0736  0.8481 3562.0000 
 0.1069  0.8740 11472.0000 
 0.4134  0.7741 9370.0000 
 0.6992  0.6253 16796.0000 
 0.4966  0.7497 7116.0000 
 0.4963  0.7861 13386.0000 
 0.3555  0.9076 18260.0000 
 0.0827  0.9383 26550.0000 
 0.1869  0.9313 10880.0000 
 0.3815  0.8815 11753.0000 
 0.0569  0.9568 22638.0000 
 0.0710  0.9595 95278.0000 
 0.0915  0.9624 24256.0000 
 0.0582  0.9705 24765.0000 
 0.0899  0.9703 221162.0000 
 0.0882  0.9670 63809.0000 
 0.0966  0.9660 19152.0000 
 0.1106  0.9773 22739.0000 
 0.0520  0.9822 19032.0000 
 0.0943  0.9761 20496.0000 
 0.0736  0.9706 6265.0000 
 0.0566  0.9772 25036.0000 
 0.1032  0.9697 34389.0000 
 0.0657  0.9908 3165.0000 
 0.0605  0.9806 39158.0000 
 0.0934  0.9757 50947.0000 
 0.0547  0.9807 9923.0000 
 0.1159  0.9601 80378.0000 
 0.0906  0.8323 11866.0000 
 0.0599  0.8161 11152.0000 
 0.0797  0.9191 7650.0000 
 0.1251  0.9010 9446.0000 
 0.1418  0.8574 18797.0000 
 0.0989  0.8459 10431.0000 
 0.1167  0.7912 19870.0000 
 0.3304  0.8736 14028.0000 
 0.2894  0.8685 11600.0000 
 0.0792  0.8877 15497.0000 
 0.0713  0.8820 7078.0000 
 0.1824  0.8887 10639.0000 
 0.0558  0.9101 14432.0000 
 0.0636  0.9325 6388.0000 
 0.4066  0.8136 30099.0000 
 0.2570  0.9041 14154.0000 
 0.1100  0.8032 6920.0000 
 0.1339  0.9213 31644.0000 
 0.3176  0.8762 40077.0000 
 0.0649  0.8912 12333.0000 
 0.1921  0.8667 17125.0000 
 0.2383  0.8724 10745.0000 
 0.0594  0.8845 3635.0000 
 0.2013  0.9057 8847.0000 
 0.0861  0.9084 24610.0000 
 0.1137  0.8444 8645.0000 
 0.0693  0.8904 6439.0000 
 0.0818  0.9009 17076.0000 
 0.0729  0.6868 6966.0000 
 0.1077  0.9214 13264.0000 
 0.1083  0.8780 13164.0000 
 0.2359  0.8955 22707.0000 
 0.1338  0.8780 10839.0000 
 0.1493  0.8792 8741.0000 
 0.1976  0.8684 26234.0000 
 0.1831  0.9435 217506.0000 
 0.2429  0.8635 9957.0000 
 0.0520  0.7924 15089.0000 
 0.0697  0.8739 7932.0000 
 0.1703  0.8650 13338.0000 
 0.0618  0.8888 7831.0000 
 0.2163  0.8537 19083.0000 
 0.2060  0.8597 7047.0000 
 0.2355  0.9173 27783.0000 
 0.0578  0.8996 9741.0000 
 0.2159  0.8711 20168.0000 
 0.1411  0.8468 12020.0000 
 0.1566  0.9247 15080.0000 
 0.0707  0.9143 7268.0000 
 0.1601  0.9194 10904.0000 
 0.0748  0.8356 7499.0000 
 0.2581  0.8626 10137.0000 
 0.1060  0.8517 20921.0000 
 0.1776  0.8807 12664.0000 
 0.0894  0.8815 8275.0000 
 0.1515  0.9147 5922.0000 
 0.0659  0.8925 10985.0000 
 0.0614  0.7976 4427.0000 
 0.2496  0.8846 13482.0000 
 0.2265  0.8791 14144.0000 
 0.1829  0.8608 8922.0000 
 0.1038  0.8653 5577.0000 
 0.1228  0.8594 8842.0000 
 0.3233  0.8162 12557.0000 
 0.2272  0.8733 10483.0000 
 0.1288  0.9155 14868.0000 
 0.2049  0.8507 23798.0000 
 0.1286  0.8845 10278.0000 
 0.1342  0.9124 15573.0000 
 0.3077  0.8405 9806.0000 
 0.2086  0.4982 21422.0000 
 0.4912  0.6643 17375.0000 
 0.4379  0.5638 17347.0000 
 0.3602  0.6170 23248.0000 
 0.4213  0.7556 14877.0000 
 0.7682  0.5574 15754.0000 
 0.6140  0.7225 44618.0000 
 0.2738  0.7852 45178.0000 
 0.3973  0.8096 6044.0000 
 0.1217  0.6104 2934.0000 
 0.5005  0.6143 7125.0000 
 0.5723  0.6798 17037.0000 
 0.8465  0.4520 10858.0000 
 0.6366  0.6541 19481.0000 
 0.6144  0.7042 26028.0000 
 0.8920  0.5360 9066.0000 
 0.6886  0.6035 14157.0000 
 0.4533  0.6418 8356.0000 
 0.3160  0.7472 11157.0000 
 0.4682  0.5671 22383.0000 
 0.6403  0.5472 23150.0000 
 0.2817  0.8233 9367.0000 
 0.3918  0.6922 13658.0000 
 0.2163  0.8708 6431.0000 
 0.3716  0.4644 19620.0000 
 0.2663  0.5878 23164.0000 
 0.3796  0.7835 12871.0000 
 0.1319  0.8015 7273.0000 
 0.8873  0.4931 8302.0000 
 0.7423  0.5461 13563.0000 
 0.5561  0.6026 25443.0000 
 0.2684  0.9310 274998.0000 
 0.5441  0.7653 19388.0000 
 0.5311  0.5715 9041.0000 
 0.6832  0.4757 18318.0000 
 0.4871  0.7331 32222.0000 
 0.5483  0.6135 7747.0000 
 0.6667  0.5465 11175.0000 
 0.2146  0.8218 13739.0000 
 0.3788  0.6162 3788.0000 
 0.6133  0.5879 7960.0000 
 0.4841  0.7599 6180.0000 
 0.5924  0.6233 16717.0000 
 0.5706  0.6103 10463.0000 
 0.4694  0.4391 44930.0000 
 0.4282  0.4898 15632.0000 
 0.5561  0.6181 28751.0000 
 0.3552  0.8286 13754.0000 
 0.3228  0.7835 21137.0000 
 0.9132  0.4055 13106.0000 
 0.4124  0.6127 20165.0000 
 0.3464  0.8663 13894.0000 
 0.1725  0.5494 17781.0000 
 0.2345  0.8648 12341.0000 
 0.2957  0.8350 13232.0000 
 0.4963  0.7635 13436.0000 
 0.7378  0.5148 9344.0000 
 0.4437  0.8662 4424.0000 
 0.8011  0.5106 9812.0000 
 0.2279  0.8403 12814.0000 
 0.3463  0.8617 29797.0000 
 0.1064  0.9488 97157.0000 
 0.1569  0.9555 456882.0000 
 0.4735  0.8105 7463.0000 
 0.2368  0.8747 14570.0000 
 0.0553  0.9600 26840.0000 
 0.1346  0.9371 18910.0000 
 0.5008  0.7653 11577.0000 
 0.3180  0.8585 21887.0000 
 0.0984  0.9430 40824.0000 
 0.1784  0.9370 22296.0000 
 0.2217  0.9249 12364.0000 
 0.3524  0.8670 13390.0000 
 0.2739  0.9059 24652.0000 
 0.3001  0.8837 26933.0000 
 0.3370  0.8390 12860.0000 
 0.4171  0.7645 11936.0000 
 0.3442  0.8330 20112.0000 
 0.3333  0.8648 15462.0000 
 0.2220  0.8624 20672.0000 
 0.3024  0.8012 16691.0000 
 0.0679  0.9712 17004.0000 
 0.7386  0.6973 19421.0000 
 0.2388  0.8809 13271.0000 
 0.5369  0.7571 15637.0000 
 0.4477  0.8153 19991.0000 
 0.4826  0.8427 7221.0000 
 0.8797  0.6758 37924.0000 
 0.2083  0.8794 12136.0000 
 0.5727  0.7867 16009.0000 
 0.5453  0.8365 15778.0000 
 0.2794  0.8670 9919.0000 
 0.7737  0.7172 12645.0000 
 0.4658  0.8472 15140.0000 
 0.6848  0.7775 14776.0000 
 0.8834  0.7124 26268.0000 
 0.5377  0.7787 25355.0000 
 0.3166  0.8696 11622.0000 
 0.7538  0.7151 16775.0000 
 0.3792  0.8701 15205.0000 
 0.4404  0.7283 10271.0000 
 0.2911  0.8504 4559.0000 
 0.2387  0.8980 4177.0000 
 0.7001  0.8000 11224.0000 
 0.3968  0.8116 8215.0000 
 0.3189  0.8670 26089.0000 
 0.6927  0.7717 47397.0000 
 0.7881  0.7405 28340.0000 
 0.9393  0.5989 8017.0000 
 0.0835  0.8895 10023.0000 
 0.3629  0.8517 11599.0000 
 0.4741  0.8156 12666.0000 
 0.7755  0.6824 12901.0000 
 0.5156  0.7958 8537.0000 
 0.2900  0.8619 20937.0000 
 0.5623  0.7817 14143.0000 
 0.4383  0.8549 15500.0000 
 0.3287  0.8247 8258.0000 
 0.4564  0.8206 34958.0000 
 0.3975  0.8325 8818.0000 
 0.3258  0.8569 12274.0000 
 0.3709  0.8407 20574.0000 
 0.8389  0.6789 27142.0000 
 0.4206  0.7997 19827.0000 
 0.6973  0.7244 22904.0000 
 0.8045  0.7253 24257.0000 
 0.3935  0.8535 10774.0000 
 0.7023  0.7380 19129.0000 
 0.5512  0.7991 25458.0000 
 0.4899  0.8112 12434.0000 
 0.1631  0.8625 11996.0000 
 0.3798  0.8479 15906.0000 
 0.8307  0.6632 20557.0000 
 0.6316  0.7367 13908.0000 
 0.6685  0.6963 22308.0000 
 0.2401  0.8678 7214.0000 
 0.3580  0.8242 5394.0000 
 0.4635  0.8119 26344.0000 
 0.2418  0.8763 13792.0000 
 0.1715  0.8551 11887.0000 
 0.7734  0.7066 8715.0000 
 0.5829  0.7587 16537.0000 
 0.3978  0.8172 11547.0000 
 0.8951  0.6910 11856.0000 
 0.3452  0.8117 11632.0000 
 0.1748  0.8608 11098.0000 
 0.8170  0.6799 21531.0000 
 0.7015  0.6740 21145.0000 
 0.5776  0.7660 14124.0000 
 0.1799  0.8949 10158.0000 
 0.0889  0.8538 9093.0000 
 0.9093  0.6088 14451.0000 
 0.2187  0.8586 13358.0000 
 0.6956  0.7765 29630.0000 
 0.8488  0.6396 38287.0000 
 0.4006  0.8141 10209.0000 
 0.2135  0.9002 10375.0000 
 0.7589  0.5899 12461.0000 
 0.3803  0.8246 11620.0000 
 0.5057  0.8358 15370.0000 
 0.7560  0.7392 34182.0000 
 0.0739  0.9696 17559.0000 
 0.1397  0.9336 24115.0000 
 0.0508  0.9730 76767.0000 
 0.0690  0.9198 15032.0000 
 0.1413  0.9511 19481.0000 
 0.0738  0.9415 20912.0000 
 0.0960  0.9561 18387.0000 
 0.0530  0.9611 16512.0000 
 0.1090  0.9564 17659.0000 
 0.1428  0.9496 16152.0000 
 0.2037  0.9099 12555.0000 
 0.0928  0.9758 240901.0000 
 0.0579  0.9421 21466.0000 
 0.0994  0.9609 23829.0000 
 0.0785  0.9525 13356.0000 
 0.1000  0.9601 24794.0000 
 0.1472  0.9284 10623.0000 
 0.0673  0.9696 14689.0000 
 0.0734  0.9585 12401.0000 
 0.1158  0.8658 14159.0000 
 0.0878  0.8828 14190.0000 
 0.0844  0.9640 27330.0000 
 0.1470  0.9538 18329.0000 
 0.0513  0.9748 11409.0000 
 0.0937  0.9656 21135.0000 
 0.0564  0.9515 16608.0000 
 0.0681  0.9645 19432.0000 
 0.0527  0.9713 64617.0000 
 0.0676  0.9631 572262.0000 
 0.1263  0.9511 23521.0000 
 0.0514  0.9537 7211.0000 
 0.1622  0.9410 59044.0000 
 0.0523  0.9430 54084.0000 
 0.0674  0.9592 113938.0000 
 0.0733  0.9467 16015.0000 
 0.0622  0.9601 30474.0000 
 0.0880  0.9589 78181.0000 
 0.1222  0.9589 21771.0000 
 0.2394  0.8493 21042.0000 
 0.0757  0.8378 8161.0000 
 0.5093  0.7783 17933.0000 
 0.4154  0.7951 22128.0000 
 0.5680  0.8086 16236.0000 
 0.4532  0.7470 12761.0000 
 0.3650  0.7664 10125.0000 
 0.1669  0.9041 36853.0000 
 0.1193  0.8208 15407.0000 
 0.2304  0.8431 18730.0000 
 0.1149  0.8135 14422.0000 
 0.3778  0.7924 4052.0000 
 0.1654  0.8334 10177.0000 
 0.4938  0.7390 10604.0000 
 0.1206  0.8825 19608.0000 
 0.3249  0.8210 16315.0000 
 0.5401  0.8137 8069.0000 
 0.1893  0.8190 20897.0000 
 0.3104  0.7698 19846.0000 
 0.5582  0.7903 18895.0000 
 0.4197  0.8058 25521.0000 
 0.3228  0.8548 5523.0000 
 0.1050  0.9206 3515.0000 
 0.1301  0.8436 21258.0000 
 0.1660  0.8121 9720.0000 
 0.3509  0.8008 17981.0000 
 0.3518  0.8371 26828.0000 
 0.5916  0.7253 22790.0000 
 0.3049  0.8305 35847.0000 
 0.4595  0.7873 17444.0000 
 0.2242  0.8133 26250.0000 
 0.4336  0.8624 7560.0000 
 0.4719  0.7863 17787.0000 
 0.4571  0.7669 8933.0000 
 0.2516  0.8808 45016.0000 
 0.6231  0.7571 26846.0000 
 0.2761  0.8198 15442.0000 
 0.1156  0.8727 11798.0000 
 0.5718  0.7785 10955.0000 
 0.3925  0.7478 6328.0000 
 0.2126  0.8815 24503.0000 
 0.2438  0.8010 28777.0000 
 0.4501  0.7891 5928.0000 
 0.3015  0.8537 8264.0000 
 0.4365  0.7959 16170.0000 
 0.1604  0.8590 12092.0000 
 0.1560  0.8756 9603.0000 
 0.4837  0.7325 12514.0000 
 0.3785  0.8624 50047.0000 
 0.2388  0.8046 10346.0000 
 0.3191  0.8358 12196.0000 
 0.4055  0.7632 23739.0000 
 0.4778  0.8479 25049.0000 
 0.5642  0.7475 15903.0000 
 0.2885  0.8169 9776.0000 
 0.3105  0.8689 11049.0000 
 0.3610  0.8291 7003.0000 
 0.4908  0.8360 12127.0000 
 0.4765  0.7981 10981.0000 
 0.4908  0.8573 7767.0000 
 0.4166  0.7624 12265.0000 
 0.4866  0.7408 24956.0000 
 0.1467  0.8331 5380.0000 
 0.1099  0.8680 21199.0000 
 0.4539  0.8146 14114.0000 
 0.4176  0.7288 37004.0000 
 0.2823  0.8145 26139.0000 
 0.2491  0.8780 27223.0000 
 0.1484  0.8238 19903.0000 
 0.3224  0.8095 21101.0000 
 0.5275  0.7001 10953.0000 
 0.1122  0.8150 13910.0000 
 0.1285  0.7691 13731.0000 
 0.0917  0.7910 20814.0000 
 0.0890  0.8685 5132.0000 
 0.2975  0.7958 3775.0000 
 0.2791  0.8150 22896.0000 
 0.5037  0.8094 13872.0000 
 0.3989  0.8339 47083.0000 
 0.6385  0.8057 14256.0000 
 0.4919  0.8590 7868.0000 
 0.4283  0.8063 25701.0000 
 0.0856  0.7828 21226.0000 
 0.4255  0.7502 20363.0000 
 0.0716  0.8054 10893.0000 
 0.0527  0.9676 20129.0000 
 0.0539  0.9785 21689.0000 
 0.0848  0.9792 54885.0000 
 0.0566  0.9582 17402.0000 
 0.0655  0.9702 185700.0000 
 0.0721  0.9333 20353.0000 
 0.1336  0.9682 24459.0000 
 0.0548  0.9711 387373.0000 
 0.0585  0.9458 31807.0000 
 0.1604  0.8649 9736.0000 
 0.0819  0.9379 13150.0000 
 0.0746  0.9170 20949.0000 
 0.1717  0.9152 17888.0000 
 0.0635  0.8477 11655.0000 
 0.2004  0.8835 15362.0000 
 0.0622  0.9054 11135.0000 
 0.0700  0.9600 12602.0000 
 0.1026  0.9562 19354.0000 
 0.0844  0.9312 18324.0000 
 0.0614  0.9715 21916.0000 
 0.0705  0.8891 16607.0000 
 0.0576  0.9050 11503.0000 
 0.1281  0.9700 14149.0000 
 0.0576  0.9234 7731.0000 
 0.0658  0.8812 19919.0000 
 0.1070  0.9627 24962.0000 
 0.2459  0.9440 24223.0000 
 0.0946  0.9074 7007.0000 
 0.0719  0.9519 10843.0000 
 0.2305  0.8063 14168.0000 
 0.2541  0.8623 14492.0000 
 0.0595  0.9081 9442.0000 
 0.3127  0.9334 40189.0000 
 0.1461  0.9455 10519.0000 
 0.4097  0.8926 13857.0000 
 0.1061  0.9790 69249.0000 
 0.2800  0.9144 15215.0000 
 0.0596  0.9751 17534.0000 
 0.1195  0.9073 34279.0000 
 0.2051  0.8567 13650.0000 
 0.1344  0.8426 17020.0000 
 0.0820  0.9707 27034.0000 
 0.3976  0.9042 15864.0000 
 0.0949  0.9514 87999.0000 
 0.1016  0.9508 96446.0000 
 0.0571  0.9542 1261132.0000 
 0.6339  0.7660 24797.0000 
 0.5347  0.7587 30233.0000 
 0.3763  0.7899 48963.0000 
 0.6753  0.7636 12917.0000 
 0.7063  0.6956 24417.0000 
 0.8637  0.6228 22398.0000 
 0.7813  0.6362 16678.0000 
 0.7482  0.7294 11496.0000 
 0.6219  0.7884 69560.0000 
 0.3172  0.7605 18274.0000 
 0.6368  0.6964 21071.0000 
 0.3946  0.7106 18266.0000 
 0.7149  0.7209 21886.0000 
 0.6269  0.5986 25052.0000 
 0.5756  0.7219 25283.0000 
 0.4965  0.7504 15943.0000 
 0.6072  0.7379 12635.0000 
 0.6917  0.7062 19764.0000 
 0.7412  0.6501 20473.0000 
 0.5571  0.7592 25032.0000 
 0.7187  0.6021 16142.0000 
 0.3021  0.8215 49157.0000 
 0.6100  0.7725 24508.0000 
 0.6346  0.6815 17421.0000 
 0.2398  0.7591 18694.0000 
 0.5950  0.6741 18783.0000 
 0.4839  0.7141 18401.0000 
 0.5372  0.7399 29578.0000 
 0.6601  0.6221 17236.0000 
 0.3524  0.8152 22800.0000 
 0.5260  0.8083 14598.0000 
 0.5879  0.6768 21831.0000 
 0.6158  0.7973 24564.0000 
 0.2495  0.8073 19168.0000 
 0.6447  0.7761 39223.0000 
 0.2143  0.8024 17587.0000 
 0.5265  0.8056 41900.0000 
 0.5208  0.7793 14394.0000 
 0.3134  0.7872 59419.0000 
 0.7167  0.7580 27138.0000 
 0.5001  0.7344 20758.0000 
 0.6019  0.6706 25660.0000 
 0.5164  0.7270 34063.0000 
 0.0565  0.8524 12584.0000 
 0.2431  0.8990 17245.0000 
 0.0633  0.8527 4421.0000 
 0.0619  0.8911 14890.0000 
 0.1060  0.8836 12074.0000 
 0.0790  0.8402 18929.0000 
 0.0552  0.8297 7734.0000 
 0.2062  0.8887 17791.0000 
 0.1477  0.8790 7660.0000 
 0.1692  0.8674 6620.0000 
 0.0562  0.7938 13529.0000 
 0.1029  0.8814 11560.0000 
 0.2210  0.8663 11601.0000 
 0.3227  0.9019 120823.0000 
 0.1010  0.8613 7100.0000 
 0.0566  0.8357 11025.0000 
 0.1533  0.8770 14171.0000 
 0.2080  0.8514 20103.0000 
 0.7291  0.6996 21159.0000 
 0.1563  0.8719 14857.0000 
 0.2275  0.8946 31030.0000 
 0.3255  0.8265 23835.0000 
 0.1193  0.8929 10207.0000 
 0.3026  0.9091 70051.0000 
 0.4271  0.7701 16765.0000 
 0.1240  0.8615 12422.0000 
 0.0838  0.8206 16960.0000 
 0.6690  0.7973 18697.0000 
 0.1112  0.8702 12315.0000 
 0.2295  0.8861 18773.0000 
 0.1479  0.8619 11558.0000 
 0.1472  0.9126 4579.0000 
 0.0883  0.8507 9780.0000 
 0.0956  0.8415 3785.0000 
 0.0937  0.8556 12950.0000 
 0.1432  0.9117 73016.0000 
 0.3915  0.7483 6416.0000 
 0.4518  0.8293 15300.0000 
 0.0566  0.8632 12399.0000 
 0.1512  0.8173 4193.0000 
 0.2097  0.8526 19056.0000 
 0.0728  0.8992 9889.0000 
 0.0923  0.8802 15161.0000 
 0.0939  0.8780 11679.0000 
 0.4007  0.8753 29777.0000 
 0.1329  0.8663 13406.0000 
 0.1935  0.9006 12873.0000 
 0.3982  0.8185 30535.0000 
 0.0864  0.8510 4236.0000 
 0.0566  0.8373 14748.0000 
 0.3990  0.8291 25279.0000 
 0.0704  0.8826 3492.0000 
 0.0822  0.8639 8131.0000 
 0.1809  0.9154 22405.0000 
 0.0691  0.8326 6118.0000 
 0.0880  0.8470 11043.0000 
 0.1054  0.8769 16363.0000 
 0.2536  0.8505 19196.0000 
 0.3408  0.8395 24906.0000 
 0.4762  0.8879 155103.0000 
 0.1219  0.8607 13426.0000 
 0.1197  0.8316 10490.0000 
 0.0585  0.8693 20658.0000 
 0.2097  0.8484 19310.0000 
 0.4509  0.8037 21158.0000 
 0.2976  0.8167 4358.0000 
 0.1189  0.8915 12300.0000 
 0.0808  0.8999 21992.0000 
 0.0757  0.8496 8331.0000 
 0.1082  0.9118 23865.0000 
 0.0615  0.8310 10955.0000 
 0.3237  0.7976 18017.0000 
 0.2414  0.8806 19503.0000 
 0.3815  0.8852 21599.0000 
 0.1466  0.9019 12350.0000 
 0.0710  0.9772 1620.0000 
 0.2708  0.8903 13131.0000 
 0.3647  0.8488 18445.0000 
 0.1318  0.9501 36070.0000 
 0.1018  0.8771 94021.0000 
 0.0797  0.9229 3138.0000 
 0.3646  0.8710 25262.0000 
 0.4579  0.8336 10309.0000 
 0.4684  0.8032 13929.0000 
 0.4641  0.8400 13517.0000 
 0.2183  0.7444 17126.0000 
 0.1319  0.9507 2737.0000 
 0.4496  0.8556 6793.0000 
 0.3507  0.8532 19013.0000 
 0.2443  0.9254 3135.0000 
 0.2568  0.9115 20751.0000 
 0.3698  0.8545 14167.0000 
 0.0701  0.9547 19367.0000 
 0.1863  0.9502 107583.0000 
 0.2059  0.8346 17214.0000 
 0.0567  0.9481 10031.0000 
 0.0717  0.9436 22696.0000 
 0.1825  0.9352 38652.0000 
 0.3573  0.8704 25403.0000 
 0.1220  0.9372 32488.0000 
 0.2366  0.9108 21810.0000 
 0.6336  0.7071 13806.0000 
 0.0833  0.9201 6494.0000 
 0.4191  0.8897 14527.0000 
 0.2052  0.9443 36259.0000 
 0.1510  0.7355 7086.0000 
 0.2858  0.8150 19966.0000 
 0.1225  0.9491 49570.0000 
 0.5407  0.8424 10352.0000 
 0.4610  0.8122 15289.0000 
 0.2219  0.7790 17847.0000 
 0.2123  0.9127 9528.0000 
 0.2740  0.9316 93247.0000 
 0.6205  0.8158 26929.0000 
 0.1420  0.8275 11395.0000 
 0.2072  0.9063 14121.0000 
 0.1075  0.9439 33318.0000 
 0.1066  0.9248 21801.0000 
 0.4158  0.8874 20513.0000 
 0.0973  0.9479 34549.0000 
 0.3175  0.8824 4737.0000 
 0.3388  0.8773 10089.0000 
 0.2879  0.9231 30220.0000 
 0.0557  0.7481 10444.0000 
 0.2348  0.8988 26157.0000 
 0.0513  0.9499 3451.0000 
 0.2324  0.8978 33609.0000 
 0.1598  0.9220 19161.0000 
 0.3038  0.9093 9195.0000 
 0.4008  0.8472 11673.0000 
 0.3208  0.8127 7945.0000 
 0.2734  0.9117 24452.0000 
 0.2403  0.9319 54615.0000 
 0.0526  0.7381 798.0000 
 0.2586  0.8970 7242.0000 
 0.6267  0.8349 7474.0000 
 0.3239  0.9077 10234.0000 
 0.2557  0.8951 26153.0000 
 0.4472  0.8392 11231.0000 
 0.3411  0.8986 7308.0000 
 0.2497  0.8867 19101.0000 
 0.2358  0.9237 34322.0000 
 0.3453  0.9001 7546.0000 
 0.2116  0.8939 7088.0000 
 0.4200  0.8596 13970.0000 
 0.3797  0.8340 12470.0000 
 0.0935  0.9041 4653.0000 
 0.2981  0.8772 20152.0000 
 0.1697  0.7944 2009.0000 
 0.5361  0.8098 20069.0000 
 0.0966  0.9428 5787.0000 
 0.4081  0.8686 18661.0000 
 0.1864  0.9140 5869.0000 
 0.3012  0.8444 7685.0000 
 0.5389  0.8964 6702.0000 
 0.1960  0.9061 18308.0000 
 0.4019  0.8773 29985.0000 
 0.1481  0.9629 85409.0000 
 0.1921  0.8953 11521.0000 
 0.2715  0.8912 43159.0000 
 0.2533  0.9076 8989.0000 
 0.2085  0.8846 7294.0000 
 0.2772  0.8833 13836.0000 
 0.0595  0.9447 18008.0000 
 0.2395  0.8254 11171.0000 
 0.5079  0.8379 11578.0000 
 0.5423  0.8118 9001.0000 
 0.4628  0.8547 18716.0000 
 0.4263  0.8443 15519.0000 
 0.1759  0.9009 30546.0000 
 0.0560  0.8180 11972.0000 
 0.1702  0.9107 16420.0000 
 0.3369  0.8123 27207.0000 
 0.3315  0.8588 27467.0000 
 0.2737  0.9354 20479.0000 
 0.2147  0.8991 14684.0000 
 0.6146  0.7574 6472.0000 
 0.3832  0.7956 13506.0000 
 0.3423  0.8962 6433.0000 
 0.1635  0.9175 33337.0000 
 0.1925  0.9030 4905.0000 
 0.2809  0.8412 21533.0000 
 0.1966  0.9013 12968.0000 
 0.5774  0.7938 13551.0000 
 0.4914  0.7823 11082.0000 
 0.3494  0.8706 40176.0000 
 0.5143  0.7626 11924.0000 
 0.6914  0.7480 3781.0000 
 0.5194  0.7882 11359.0000 
 0.3424  0.8524 15828.0000 
 0.2516  0.8638 5625.0000 
 0.3757  0.8579 10075.0000 
 0.6347  0.7551 6528.0000 
 0.5045  0.8413 30508.0000 
 0.3649  0.9059 17670.0000 
 0.5724  0.8101 6626.0000 
 0.2303  0.9195 15755.0000 
 0.3225  0.8727 16870.0000 
 0.0595  0.8807 10056.0000 
 0.3879  0.8190 6254.0000 
 0.2057  0.7884 18621.0000 
 0.0940  0.9305 14624.0000 
 0.0647  0.8616 8251.0000 
 0.4620  0.7961 9068.0000 
 0.5523  0.7701 6763.0000 
 0.1902  0.6921 4842.0000 
 0.6107  0.7495 8423.0000 
 0.4962  0.7783 28411.0000 
 0.3962  0.8397 12848.0000 
 0.3585  0.9154 122886.0000 
 0.3953  0.7820 13019.0000 
 0.4828  0.7410 10780.0000 
 0.4494  0.7973 5047.0000 
 0.5481  0.7802 6948.0000 
 0.4465  0.8003 4762.0000 
 0.5501  0.8457 6273.0000 
 0.5108  0.7583 7220.0000 
 0.2361  0.8970 16406.0000 
 0.4624  0.8383 12115.0000 
 0.5166  0.8106 9259.0000 
 0.3152  0.7964 7274.0000 
 0.2699  0.9108 6870.0000 
 0.5575  0.7977 20755.0000 
 0.5122  0.8412 6587.0000 
 0.1454  0.8820 15796.0000 
 0.5647  0.7756 20090.0000 
 0.3051  0.7847 11868.0000 
 0.5781  0.7672 3484.0000 
 0.4449  0.8796 121680.0000 
 0.5338  0.8343 12245.0000 
 0.3778  0.8567 7915.0000 
 0.5285  0.8658 10127.0000 
 0.3968  0.8574 9990.0000 
 0.0832  0.8919 10366.0000 
 0.0955  0.8191 11617.0000 
 0.3735  0.7823 51029.0000 
 0.5716  0.7972 4507.0000 
 0.5781  0.8422 10629.0000 
 0.5724  0.7793 5606.0000 
 0.2227  0.8703 8958.0000 
 0.4841  0.7887 8568.0000 
 0.1792  0.8455 12508.0000 
 0.2620  0.7753 5927.0000 
 0.4045  0.6914 5422.0000 
 0.2162  0.9216 42155.0000 
 0.1678  0.8763 17999.0000 
 0.0670  0.9015 26205.0000 
 0.5920  0.7191 18625.0000 
 0.3123  0.8732 11932.0000 
 0.2081  0.8438 6064.0000 
 0.6010  0.7791 7048.0000 
 0.6343  0.7503 9866.0000 
 0.1206  0.8555 17711.0000 
 0.1254  0.8973 6484.0000 
 0.4462  0.9038 20420.0000 
 0.0926  0.8565 28244.0000 
 0.4804  0.7747 6782.0000 
 0.0958  0.8251 23548.0000 
 0.1129  0.8814 14816.0000 
 0.4814  0.8735 5733.0000 
 0.0556  0.9305 11731.0000 
 0.0841  0.9453 17159.0000 
 0.0574  0.9346 35863.0000 
 0.1930  0.8827 37352.0000 
 0.0735  0.9227 18247.0000 
 0.2153  0.9233 12311.0000 
 0.0868  0.9026 59693.0000 
 0.3301  0.7982 35604.0000 
 0.1664  0.9000 27932.0000 
 0.0777  0.8042 13986.0000 
 0.0511  0.9463 9718.0000 
 0.0897  0.8955 18108.0000 
 0.0669  0.9294 13263.0000 
 0.0683  0.9818 21722.0000 
