x	t	n
 0.6582  0.3432 1451.0000 
 0.7075  0.4491 1060.0000 
 0.6190  0.4286 126.0000 
 0.4687  0.2522 559.0000 
 0.7288  0.4068 59.0000 
 0.7011  0.4093 987.0000 
 0.5735  0.3118 279.0000 
 0.5465  0.2385 935.0000 
 0.6094  0.2790 233.0000 
 0.5469  0.2708 192.0000 
 0.6697  0.3733 442.0000 
 0.7049  0.4085 820.0000 
 0.5673  0.2874 936.0000 
 0.6124  0.3415 1019.0000 
 0.4351  0.1927 763.0000 
 0.2828  0.1092 916.0000 
 0.6651  0.3653 1481.0000 
 0.6735  0.4259 533.0000 
 0.7423  0.4056 1595.0000 
 0.6642  0.3648 551.0000 
 0.4858  0.1822 247.0000 
 0.4760  0.2140 584.0000 
 0.5503  0.2976 736.0000 
 0.6178  0.2311 1138.0000 
 0.5038  0.3435 262.0000 
 0.4840  0.2560 250.0000 
 0.6626  0.1687 1808.0000 
 0.5689  0.3097 733.0000 
 0.5870  0.3248 816.0000 
 0.6258  0.3987 1427.0000 
 0.5981  0.3308 535.0000 
 0.7764  0.4611 720.0000 
 0.7108  0.4458 498.0000 
 0.7158  0.4595 679.0000 
 0.5946  0.3084 629.0000 
 0.6122  0.2898 459.0000 
 0.7440  0.4740 500.0000 
 0.4887  0.2621 309.0000 
 0.6964  0.4320 662.0000 
 0.6893  0.4178 383.0000 
 0.5393  0.3596 267.0000 
 0.6659  0.3528 428.0000 
 0.5776  0.2944 625.0000 
 0.6538  0.3181 569.0000 
 0.7461  0.4435 575.0000 
 0.5599  0.2631 593.0000 
 0.5542  0.1802 960.0000 
 0.7372  0.4513 647.0000 
 0.6737  0.3966 953.0000 
 0.3366  0.1188 101.0000 
 0.4815  0.0741 1269.0000 
 0.7822  0.4660 1088.0000 
 0.6474  0.3205 312.0000 
 0.6130  0.3285 478.0000 
 0.6458  0.3325 415.0000 
 0.7030  0.3794 788.0000 
 0.6233  0.3322 1144.0000 
 0.6181  0.3131 872.0000 
 0.6583  0.3073 436.0000 
 0.5437  0.2978 366.0000 
 0.7259  0.4037 270.0000 
 0.7126  0.4205 1270.0000 
 0.7241  0.4267 1439.0000 
 0.7218  0.3953 726.0000 
 0.4973  0.2715 372.0000 
 0.4935  0.0629 620.0000 
 0.6199  0.2993 1076.0000 
 0.4249  0.1941 546.0000 
 0.6437  0.2832 985.0000 
 0.6767  0.3261 1067.0000 
 0.8157  0.5679 1009.0000 
 0.7681  0.4716 1406.0000 
 0.7408  0.3892 1115.0000 
 0.7381  0.3867 1130.0000 
 0.7092  0.3306 1984.0000 
 0.7969  0.4878 1226.0000 
 0.7307  0.4279 2239.0000 
 0.6474  0.3024 936.0000 
 0.6178  0.2431 1345.0000 
 0.7570  0.4954 539.0000 
 0.7828  0.5035 1303.0000 
 0.8265  0.5885 1395.0000 
 0.7586  0.4881 2432.0000 
 0.7043  0.3077 1417.0000 
 0.6985  0.3557 1549.0000 
 0.7204  0.3960 1048.0000 
 0.8255  0.5494 699.0000 
 0.8323  0.5332 1324.0000 
 0.7015  0.3808 1749.0000 
 0.7314  0.4019 1906.0000 
 0.7439  0.4822 1632.0000 
 0.7656  0.4428 1075.0000 
 0.6553  0.3018 1375.0000 
 0.8513  0.6228 1392.0000 
 0.8019  0.5370 2065.0000 
 0.8355  0.6543 1021.0000 
 0.8405  0.6162 1850.0000 
 0.8322  0.5505 1782.0000 
 0.8412  0.6176 1467.0000 
 0.7498  0.4660 1515.0000 
 0.8238  0.5326 1703.0000 
 0.8027  0.5477 1404.0000 
 0.7995  0.5371 404.0000 
 0.7380  0.3773 1439.0000 
 0.8275  0.5268 1304.0000 
 0.5433  0.1753 462.0000 
 0.7184  0.3371 973.0000 
 0.5953  0.3226 682.0000 
 0.4693  0.1701 488.0000 
 0.7830  0.4782 1972.0000 
 0.7732  0.4407 1239.0000 
 0.7541  0.4337 724.0000 
 0.7461  0.4349 2320.0000 
 0.7262  0.3291 705.0000 
 0.6146  0.2982 768.0000 
 0.6000  0.3100 100.0000 
 0.7274  0.4319 521.0000 
 0.7347  0.4192 637.0000 
 0.6860  0.4120 449.0000 
 0.6276  0.2991 682.0000 
 0.5087  0.2238 572.0000 
 0.7619  0.5155 2062.0000 
 0.7178  0.4578 1481.0000 
 0.6815  0.4036 788.0000 
 0.6699  0.3979 1327.0000 
 0.8011  0.5610 754.0000 
 0.8108  0.5559 867.0000 
 0.8250  0.6170 577.0000 
 0.7697  0.5724 152.0000 
 0.7476  0.4603 630.0000 
 0.6992  0.4066 1456.0000 
 0.8046  0.5748 2272.0000 
 0.6717  0.3702 859.0000 
 0.7412  0.4202 514.0000 
 0.8082  0.5105 1048.0000 
 0.7944  0.5217 715.0000 
 0.7633  0.4443 997.0000 
 0.7720  0.4994 785.0000 
 0.6759  0.4012 1154.0000 
 0.6797  0.3898 1411.0000 
 0.6408  0.3309 1520.0000 
 0.7716  0.4786 1686.0000 
 0.7371  0.4303 1183.0000 
 0.7569  0.4368 506.0000 
 0.7586  0.4956 787.0000 
 0.0971  0.3738 1391.0000 
 0.7811  0.4743 1535.0000 
 0.6825  0.4544 548.0000 
 0.6425  0.3507 884.0000 
 0.5814  0.3665 442.0000 
 0.7024  0.4431 887.0000 
 0.6499  0.4005 794.0000 
 0.6074  0.3185 540.0000 
 0.6270  0.2910 732.0000 
 0.6059  0.3753 373.0000 
 0.7457  0.4790 405.0000 
 0.6798  0.4092 887.0000 
 0.6100  0.3064 1077.0000 
 0.6304  0.3565 763.0000 
 0.5204  0.2925 294.0000 
 0.4894  0.2067 329.0000 
 0.6213  0.3189 602.0000 
 0.7168  0.4779 452.0000 
 0.5604  0.2517 298.0000 
 0.6012  0.3251 855.0000 
 0.6627  0.3482 2197.0000 
 0.7607  0.4988 2428.0000 
 0.5720  0.2342 521.0000 
 0.5198  0.3446 177.0000 
 0.6914  0.4022 2223.0000 
 0.6991  0.4376 1266.0000 
 0.6103  0.3224 580.0000 
 0.4430  0.1409 149.0000 
 0.4714  0.1964 280.0000 
 0.6306  0.3378 1486.0000 
 0.4477  0.1257 708.0000 
 0.4986  0.1360 353.0000 
 0.4531  0.1146 192.0000 
 0.7064  0.3211 109.0000 
 0.7875  0.5258 1261.0000 
 0.5998  0.3082 1022.0000 
 0.6277  0.3394 274.0000 
 0.7257  0.4368 1028.0000 
 0.6351  0.3098 1288.0000 
 0.6161  0.3025 995.0000 
 0.7164  0.4220 1590.0000 
 0.5448  0.1996 1463.0000 
 0.7639  0.4657 1063.0000 
 0.7921  0.5739 582.0000 
 0.7926  0.5677 916.0000 
 0.7896  0.5519 1022.0000 
 0.7500  0.5000  4.0000 
 0.6267  0.3200 75.0000 
 0.7306  0.4865 1704.0000 
 0.6739  0.5000 46.0000 
 0.3333  0.1667  6.0000 
 0.7109  0.4265 633.0000 
 0.7194  0.4455 1183.0000 
 0.7266  0.4856 278.0000 
 0.7422  0.5244 1474.0000 
 0.7753  0.5173 1589.0000 
 0.7665  0.5215 955.0000 
 0.6406  0.3408 3289.0000 
 0.6319  0.4215 1649.0000 
 0.7036  0.4412 1326.0000 
 0.6680  0.3522 2575.0000 
 0.7063  0.4921 378.0000 
 0.6730  0.3967 1694.0000 
 0.7123  0.4461 2280.0000 
 0.6514  0.3371 2889.0000 
 0.7229  0.3955 397.0000 
 0.6034  0.3464 179.0000 
 0.6050  0.4214 1476.0000 
 0.6651  0.3717 2556.0000 
 0.7355  0.5003 1709.0000 
 0.6693  0.4789 641.0000 
 0.4628  0.2805 713.0000 
 0.9000  0.6000 10.0000 
 0.7399  0.4481 915.0000 
 0.7711  0.5350 1673.0000 
 0.7735  0.4567 1881.0000 
 0.7084  0.4136 1869.0000 
 0.7543  0.4637 3220.0000 
 0.6915  0.3444 1867.0000 
 0.7058  0.4049 1635.0000 
 0.6108  0.2449 1372.0000 
 1.0000  0.2500  4.0000 
 0.7777  0.5061 2033.0000 
 0.7901  0.5141 1739.0000 
 0.6719  0.3764 1262.0000 
 0.7569  0.4906 1802.0000 
 0.7428  0.4484 2123.0000 
 0.4545  0.2273 22.0000 
 0.7067  0.4580 1323.0000 
 0.7616  0.5033 902.0000 
 0.7823  0.5202 1038.0000 
 0.7243  0.4695 1197.0000 
 0.8095  0.5847 378.0000 
 0.7855  0.5264 853.0000 
 0.7584  0.5316 269.0000 
 0.8140  0.5996 457.0000 
 0.7594  0.4869 877.0000 
 0.7108  0.4031 1781.0000 
 0.6132  0.3074 592.0000 
 0.6763  0.3902 1248.0000 
 0.7724  0.5106 615.0000 
 0.7916  0.5594 379.0000 
 0.5914  0.2621 580.0000 
 0.6563  0.3998 1033.0000 
 0.7237  0.4250 760.0000 
 0.7795  0.5347 907.0000 
 0.6430  0.3904 1227.0000 
 0.8537  0.5976 164.0000 
 0.6888  0.4286 392.0000 
 0.8010  0.5258 407.0000 
 0.7135  0.4406 1389.0000 
 0.7407  0.3704 54.0000 
 0.7923  0.5301 183.0000 
 0.7545  0.4461 334.0000 
 0.7160  0.4311 1095.0000 
 0.7161  0.4606 1370.0000 
 0.7734  0.3037 1024.0000 
 0.7626  0.4843 1272.0000 
 0.7272  0.4200 1338.0000 
 0.6999  0.3596 1983.0000 
 0.8379  0.6271 1086.0000 
 0.8078  0.5787 1379.0000 
 0.7314  0.4359 1046.0000 
 0.7865  0.5190 1054.0000 
 0.8437  0.5871 1676.0000 
 0.8272  0.5933 2245.0000 
 0.6407  0.3521 1386.0000 
 0.7463  0.4654 1431.0000 
 0.7139  0.4249 1657.0000 
 0.8249  0.5961 874.0000 
 0.5988  0.2371 1999.0000 
 0.8416  0.6167 1667.0000 
 0.7586  0.4451 2121.0000 
 0.8314  0.6119 925.0000 
 0.6808  0.2723 1366.0000 
 0.6406  0.2590 2560.0000 
 0.6640  0.2898 1232.0000 
 0.7362  0.4058 1577.0000 
 0.7549  0.4360 1897.0000 
 0.6362  0.2066 1399.0000 
 0.7757  0.4980 1516.0000 
 0.6594  0.3197 1961.0000 
 0.7002  0.3954 607.0000 
 0.6775  0.4680 1079.0000 
