x	t	n
 0.0084  0.7007 715.0000 
 0.2625  0.7309 602.0000 
 0.0115  0.7595 607.0000 
 0.0125  0.8091 639.0000 
 0.0569  0.7654 422.0000 
 0.0000  0.7627 451.0000 
 0.0000  0.7562 406.0000 
 0.0220  0.7541 545.0000 
 0.4408  0.6932 515.0000 
 0.9471  0.6639 851.0000 
 0.6838  0.7429 778.0000 
 0.0127  0.7025 316.0000 
 0.0246  0.7245 773.0000 
 0.0127  0.7089 79.0000 
 0.0564  0.6261 567.0000 
 0.0043  0.6780 469.0000 
 0.2448  0.6807 429.0000 
 0.0313  0.6532 447.0000 
 0.0149  0.7861 201.0000 
 0.0851  0.7221 752.0000 
 0.0688  0.5783 581.0000 
 0.0452  0.7574 907.0000 
 0.0674  0.7303 623.0000 
 0.8962  0.6696 684.0000 
 0.0736  0.6840 231.0000 
 0.2296  0.5623 514.0000 
 0.0848  0.6379 660.0000 
 0.0000  0.6187 417.0000 
 0.0987  0.7882 963.0000 
 0.0179  0.6875 112.0000 
 0.0086  0.5931 698.0000 
 0.0000  0.5807 954.0000 
 0.0522  0.7289 498.0000 
 0.1293  0.8444 495.0000 
 0.0296  0.6222 135.0000 
 0.0476  0.6926 462.0000 
 0.0000  0.7097 62.0000 
 0.0000  0.6395 319.0000 
 0.0000  0.7414 553.0000 
 0.0684  0.7265 234.0000 
 0.0000  0.6583 120.0000 
 0.3313  0.6994 815.0000 
 0.0064  0.7344 625.0000 
 0.1308  0.7597 1032.0000 
 0.0036  0.6779 829.0000 
 0.6559  0.6439 497.0000 
 0.9841  0.6724 757.0000 
 0.0000  0.6977 880.0000 
 0.0259  0.7026 1160.0000 
 0.0063  0.7285 792.0000 
 0.0000  0.5861 273.0000 
 0.9918  0.6661 1096.0000 
 0.0627  0.6906 973.0000 
 0.1118  0.6178 832.0000 
 0.0103  0.5986 583.0000 
 0.0080  0.6113 373.0000 
 0.0427  0.6524 164.0000 
 0.0605  0.6619 281.0000 
 0.0607  0.6869 412.0000 
 0.0085  0.6643 706.0000 
 0.0135  0.5957 371.0000 
 0.0335  0.8185 1014.0000 
 0.4320  0.8058 206.0000 
 0.2219  0.7368 703.0000 
 0.9760  0.8438 416.0000 
 0.2797  0.7436 429.0000 
 0.1194  0.7280 511.0000 
 0.0533  0.7692 676.0000 
 0.0189  0.7453 212.0000 
 0.0094  0.7648 744.0000 
 0.3135  0.7770 453.0000 
 0.9958  0.7924 236.0000 
 0.0805  0.6954 174.0000 
 0.0050  0.7202 604.0000 
 0.0000  0.8860 114.0000 
 0.0000  0.7643 280.0000 
 0.0000  0.8045 445.0000 
 0.0000  0.8171 164.0000 
 0.0000  0.6977 86.0000 
 0.0081  0.7811 370.0000 
 0.0829  0.8286 350.0000 
 0.0080  0.7136 625.0000 
 0.0392  0.7966 408.0000 
 0.0793  0.8079 479.0000 
 0.0000  0.7125 240.0000 
 0.0000  0.8188 149.0000 
 0.9967  0.7546 603.0000 
 0.5688  0.7487 378.0000 
 0.2356  0.7503 993.0000 
 0.0030  0.7663 659.0000 
 0.8415  0.7561 328.0000 
 0.8181  0.7063 1440.0000 
 0.7421  0.7263 190.0000 
 0.2925  0.8126 571.0000 
 0.7296  0.6514 1265.0000 
 0.2381  0.7593 378.0000 
 0.1663  0.8118 457.0000 
 0.3503  0.7697 1550.0000 
 0.0358  0.8604 530.0000 
 0.5257  0.8408 584.0000 
 0.6080  0.8056 648.0000 
 0.6989  0.7901 362.0000 
 0.6782  0.7778 1386.0000 
 0.1392  0.7052 1652.0000 
 0.1077  0.7304 1662.0000 
 0.1271  0.7484 787.0000 
 0.1945  0.7813 951.0000 
 0.0477  0.7865 965.0000 
 0.1078  0.7353 733.0000 
 0.0438  0.7461 1871.0000 
 0.0268  0.7750 1680.0000 
 0.0083  0.7486 1806.0000 
 0.1516  0.7538 983.0000 
 0.0000  0.7863 1053.0000 
 0.0029  0.8167 1031.0000 
 0.0077  0.8100 521.0000 
 0.0270  0.7440 1668.0000 
 0.0249  0.7668 965.0000 
 0.1192  0.7399 646.0000 
 0.0491  0.7868 591.0000 
 0.0402  0.7711 1494.0000 
 0.3643  0.7238 420.0000 
 0.7572  0.7428 622.0000 
 0.4873  0.7998 1024.0000 
 0.1875  0.8403 288.0000 
 0.3642  0.6914 593.0000 
 0.2022  0.7759 638.0000 
 0.0250  0.7495 519.0000 
 0.0042  0.6407 707.0000 
 0.5581  0.7581 215.0000 
 0.7328  0.6910 932.0000 
 0.4015  0.7841 264.0000 
 0.5150  0.8230 565.0000 
 0.2888  0.7915 921.0000 
 0.1677  0.8291 316.0000 
 0.3639  0.6981 371.0000 
 0.3333  0.9061 330.0000 
 0.0000  0.8362 177.0000 
 0.7978  0.7134 628.0000 
 0.5546  0.7716 613.0000 
 0.5731  0.7507 670.0000 
 0.0000  0.7877 179.0000 
 0.0000  0.8080 995.0000 
 0.0017  0.7802 605.0000 
 0.0000  0.7989 1124.0000 
 0.0000  0.7276 591.0000 
 0.0000  0.6964 685.0000 
 0.0000  0.6415 265.0000 
 0.0069  0.6828 145.0000 
 0.0000  0.6898 403.0000 
 0.1489  0.6991 658.0000 
 0.4077  0.7437 753.0000 
 0.0000  0.7352 491.0000 
 0.0894  0.7782 861.0000 
 0.0798  0.7727 990.0000 
 0.4450  0.7234 582.0000 
 0.3766  0.7556 855.0000 
 0.7336  0.7617 642.0000 
 0.5164  0.7606 852.0000 
 0.2958  0.7676 284.0000 
 0.3491  0.8000 845.0000 
 0.0000  0.6948 498.0000 
 0.0128  0.6746 547.0000 
 0.0047  0.7617 214.0000 
 0.0453  0.6799 353.0000 
 0.0040  0.7295 499.0000 
 0.0000  0.6813 364.0000 
 0.1837  0.8469 588.0000 
 0.0199  0.7729 251.0000 
 0.2256  0.7390 931.0000 
 0.4931  0.7131 868.0000 
 0.0131  0.7779 761.0000 
 0.0063  0.6490 473.0000 
 0.3750  0.7031 128.0000 
 0.4381  0.6869 792.0000 
 0.2687  0.6552 670.0000 
 0.0787  0.6910 178.0000 
 0.2602  0.7096 861.0000 
 0.2645  0.8065 155.0000 
 0.0140  0.7430 856.0000 
 0.0397  0.6976 982.0000 
 0.9752  0.6685 929.0000 
 0.4218  0.7011 358.0000 
 0.2946  0.8059 886.0000 
 0.0538  0.8206 223.0000 
 0.0183  0.7991 219.0000 
 0.0000  0.6733 303.0000 
 0.2857  0.6883 77.0000 
 0.0256  0.6382 586.0000 
 0.1391  0.5919 762.0000 
 0.0000  0.7530 251.0000 
 0.0109  0.6993 276.0000 
 0.0000  0.7917 96.0000 
 0.0758  0.6661 1201.0000 
 0.0139  0.6885 1082.0000 
 0.0467  0.6903 1285.0000 
 0.0168  0.7250 1131.0000 
 0.5675  0.6175 1119.0000 
 0.9631  0.5742 1031.0000 
 0.0000  0.8244 262.0000 
 0.0045  0.7191 445.0000 
 0.0308  0.7154 130.0000 
 0.0654  0.6880 673.0000 
 0.0161  0.7517 435.0000 
 0.0256  0.7756 352.0000 
 0.0097  0.6893 618.0000 
 0.0000  0.7291 251.0000 
 0.0000  0.7599 604.0000 
 0.0066  0.7203 758.0000 
 0.0000  0.7181 298.0000 
 0.0102  0.6642 685.0000 
 0.0000  0.6771 638.0000 
 0.0000  0.7216 431.0000 
 0.0171  0.7208 351.0000 
 0.2237  0.7919 1341.0000 
 0.4405  0.7202 168.0000 
 0.7280  0.7643 1434.0000 
 0.2867  0.6923 143.0000 
 0.4943  0.7211 441.0000 
 0.7849  0.7717 530.0000 
 0.5000  0.7500 260.0000 
 0.5275  0.7125 546.0000 
 0.3694  0.7962 157.0000 
 0.0382  0.6688 157.0000 
 0.2315  0.7005 661.0000 
 0.4813  0.6900 642.0000 
 0.2599  0.6949 731.0000 
 0.5233  0.7070 430.0000 
 0.1273  0.7591 220.0000 
 0.2419  0.7500 492.0000 
 0.0803  0.7701 274.0000 
 0.0000  0.7958 191.0000 
 0.1003  0.7815 389.0000 
 0.5885  0.7243 243.0000 
 0.7000  0.6900 100.0000 
 0.5826  0.7833 563.0000 
 0.4855  0.7861 173.0000 
 0.0698  0.6447 788.0000 
 0.0692  0.6389 925.0000 
 0.0367  0.6935 982.0000 
 0.0379  0.6779 975.0000 
 0.0602  0.7218 798.0000 
 0.3956  0.7046 958.0000 
 0.0179  0.6996 2290.0000 
 0.0500  0.6227 1259.0000 
 0.0979  0.7033 337.0000 
 0.7189  0.6864 338.0000 
 0.1699  0.5523 306.0000 
 0.1908  0.6285 393.0000 
 0.8050  0.6720 436.0000 
 0.0881  0.7681 772.0000 
 0.0077  0.7513 776.0000 
 0.0061  0.7460 815.0000 
 0.0863  0.6206 788.0000 
 0.0442  0.7041 1426.0000 
 0.0612  0.7252 866.0000 
 0.0667  0.6899 690.0000 
 0.4622  0.5806 1216.0000 
 0.0288  0.6829 1252.0000 
 0.0877  0.6772 1106.0000 
 0.1024  0.7005 1182.0000 
 0.1002  0.6675 1158.0000 
 0.1680  0.5528 738.0000 
 0.0128  0.6628 780.0000 
 0.2129  0.7657 653.0000 
 0.3555  0.6760 571.0000 
 0.0103  0.7641 195.0000 
 0.3621  0.7276 290.0000 
 0.5642  0.6731 927.0000 
 0.2045  0.7922 308.0000 
 0.2187  0.7085 686.0000 
 0.2864  0.6826 838.0000 
 0.0704  0.7113 852.0000 
 0.1367  0.7103 1039.0000 
 0.0381  0.6733 1916.0000 
 0.2937  0.7206 909.0000 
 0.3770  0.6718 1228.0000 
 0.0568  0.7110 1848.0000 
 0.1390  0.7493 367.0000 
 0.0407  0.6992 738.0000 
 0.2958  0.7535 142.0000 
 0.5279  0.6173 358.0000 
 0.3500  0.7375 160.0000 
 0.0500  0.6167 120.0000 
 0.0309  0.7144 1264.0000 
 0.2468  0.6856 1094.0000 
 0.0424  0.6017 118.0000 
 0.0215  0.7086 326.0000 
 0.2373  0.5960 552.0000 
 0.1091  0.6885 1146.0000 
 0.0694  0.7268 1570.0000 
 0.0565  0.7099 1434.0000 
 0.2604  0.7284 1252.0000 
 0.2138  0.7512 1085.0000 
 0.1331  0.6677 969.0000 
 0.0385  0.7563 1350.0000 
 0.9971  0.6606 1046.0000 
 0.1238  0.7234 929.0000 
 0.9918  0.7270 1099.0000 
 0.9940  0.7188 992.0000 
 0.0769  0.7213 1665.0000 
 0.6503  0.6922 1384.0000 
 0.6124  0.6253 774.0000 
 0.2632  0.6155 1022.0000 
 0.0786  0.7343 1133.0000 
 0.0392  0.6898 893.0000 
 0.0460  0.7088 934.0000 
 0.0028  0.7861 706.0000 
 0.0024  0.7314 849.0000 
 0.0019  0.7458 1078.0000 
 0.0011  0.7706 885.0000 
 0.1236  0.7351 906.0000 
 0.0893  0.5616 739.0000 
 0.0036  0.7611 1683.0000 
 0.1631  0.5914 558.0000 
 0.0402  0.7277 448.0000 
 0.0687  0.6232 422.0000 
 0.0074  0.7497 811.0000 
 0.0000  0.7574 981.0000 
 0.2210  0.7861 837.0000 
 0.6649  0.6089 767.0000 
 0.0668  0.6806 764.0000 
 0.1054  0.6978 579.0000 
 0.0555  0.7568 847.0000 
 0.1162  0.6205 1162.0000 
 0.1700  0.5500 100.0000 
 0.9679  0.5100 747.0000 
 0.5165  0.7229 1274.0000 
 0.9904  0.6310 1141.0000 
 0.1401  0.5406 357.0000 
 0.3504  0.5947 528.0000 
 0.6227  0.7368 1341.0000 
 0.4836  0.6356 763.0000 
 0.0627  0.6917 973.0000 
 0.3127  0.5440 307.0000 
 0.9760  0.7003 1001.0000 
 0.9815  0.6852 648.0000 
 0.9882  0.7026 1019.0000 
 0.9190  0.6862 975.0000 
 0.8356  0.6356 505.0000 
 0.1577  0.6921 799.0000 
 0.9233  0.5037 1213.0000 
 0.7782  0.7236 1136.0000 
 0.5570  0.7143 833.0000 
 0.0033  0.6306 601.0000 
 0.0046  0.7980 1084.0000 
 0.0107  0.7556 843.0000 
 0.9959  0.7396 983.0000 
 0.9954  0.6952 1296.0000 
 0.2728  0.6748 821.0000 
 0.3069  0.7149 1147.0000 
 0.6646  0.7631 1127.0000 
 0.4039  0.6144 765.0000 
 0.0370  0.6891 1756.0000 
 0.0445  0.6875 1731.0000 
 0.9967  0.6069 898.0000 
 0.9945  0.6154 910.0000 
 0.3875  0.6980 831.0000 
 0.8121  0.6454 846.0000 
 0.9329  0.6801 1088.0000 
 0.9927  0.7144 1362.0000 
 0.0000  0.7917 797.0000 
 0.0000  0.8072 669.0000 
 0.7132  0.7069 638.0000 
 0.9926  0.6647 677.0000 
 0.2231  0.5231 130.0000 
 0.9915  0.6695 1065.0000 
 0.1207  0.6914 1160.0000 
 0.0977  0.6883 1187.0000 
 0.0797  0.6871 1042.0000 
 0.1649  0.7243 1110.0000 
 0.9952  0.7476 1042.0000 
 0.0213  0.6798 1171.0000 
 0.0222  0.7005 1172.0000 
 0.9964  0.6823 1382.0000 
 0.1716  0.6771 1725.0000 
 0.1723  0.6935 1579.0000 
 0.1854  0.6968 1613.0000 
 0.1800  0.6697 1317.0000 
 0.3397  0.6584 524.0000 
 0.2086  0.7276 973.0000 
 0.2131  0.7038 915.0000 
 0.2920  0.7887 1041.0000 
 0.2904  0.7338 954.0000 
 0.1985  0.6216 1929.0000 
 0.0415  0.6879 1253.0000 
 0.0867  0.6683 1649.0000 
 0.0819  0.6883 1405.0000 
 0.1102  0.6856 1425.0000 
 0.0244  0.7668 1355.0000 
 0.0304  0.6721 921.0000 
 0.0368  0.6617 1005.0000 
 0.0064  0.7807 1254.0000 
 0.0326  0.7088 1164.0000 
 0.0352  0.6819 1251.0000 
 0.0234  0.7651 1196.0000 
 0.0131  0.6919 1451.0000 
 0.0264  0.6974 1477.0000 
 0.0132  0.7185 302.0000 
 0.0315  0.6826 1427.0000 
 0.0625  0.6789 1473.0000 
 0.1250  0.7039 152.0000 
 0.2889  0.7111 90.0000 
 0.2792  0.6643 283.0000 
 0.0625  0.7366 224.0000 
 0.2808  0.5788 406.0000 
 0.0150  0.6617 1064.0000 
 0.0696  0.6748 1236.0000 
 0.0420  0.6491 1214.0000 
 0.0532  0.6741 1034.0000 
 0.0091  0.6542 1206.0000 
 0.0082  0.7670 485.0000 
 0.0346  0.7576 231.0000 
 0.0203  0.7033 246.0000 
 0.9889  0.5495 899.0000 
 0.9805  0.5620 411.0000 
 0.9924  0.6008 526.0000 
 0.9912  0.5031 799.0000 
 0.8773  0.5493 375.0000 
 0.5299  0.5499 451.0000 
 0.1346  0.6769 817.0000 
 0.1210  0.5587 281.0000 
 0.2729  0.6304 414.0000 
 0.3299  0.6244 394.0000 
 0.9697  0.5535 495.0000 
 0.0100  0.6763 1004.0000 
 0.0287  0.6555 209.0000 
 0.0419  0.6315 597.0000 
 0.4013  0.6250 304.0000 
 0.7632  0.6222 1043.0000 
 0.0660  0.6669 1303.0000 
 0.0463  0.5384 691.0000 
 0.1014  0.5365 740.0000 
 0.1300  0.5955 754.0000 
 0.1223  0.5597 1022.0000 
 0.0177  0.6669 1186.0000 
 0.0102  0.6565 492.0000 
 0.6822  0.5923 1268.0000 
 0.6960  0.5775 1013.0000 
 0.8333  0.6148 732.0000 
 0.9789  0.5215 1281.0000 
 0.8258  0.5659 1154.0000 
 0.7409  0.5344 552.0000 
 0.0861  0.6063 1336.0000 
 0.1012  0.5971 1107.0000 
 0.0348  0.5675 1956.0000 
 0.0454  0.6529 1717.0000 
 0.9715  0.5213 1546.0000 
 0.0410  0.6537 1340.0000 
 0.1139  0.6449 887.0000 
 0.1455  0.6444 928.0000 
 0.0436  0.5775 1375.0000 
 0.0058  0.6566 1730.0000 
 0.0146  0.6229 1575.0000 
 0.0092  0.6236 1408.0000 
 0.0211  0.6351 1466.0000 
 0.0098  0.6303 1431.0000 
 0.4437  0.5866 595.0000 
 0.0396  0.6042 379.0000 
 0.5121  0.5040 742.0000 
 0.0663  0.5874 1447.0000 
 0.0275  0.5824 1056.0000 
 0.0006  0.6453 1545.0000 
 0.0051  0.6535 782.0000 
 0.0104  0.7315 1054.0000 
 0.0078  0.6949 1285.0000 
 0.0099  0.6535 303.0000 
 0.0020  0.6797 1536.0000 
 0.1720  0.5740 500.0000 
 0.2157  0.7028 932.0000 
 0.0068  0.6606 1756.0000 
 0.0025  0.6972 1189.0000 
 0.0135  0.7073 1411.0000 
 0.0055  0.6619 914.0000 
 0.9919  0.6156 614.0000 
 0.0007  0.6328 1517.0000 
 0.9953  0.6512 215.0000 
 0.0444  0.6859 1713.0000 
 0.0067  0.6380 1196.0000 
 0.0057  0.6773 1224.0000 
 0.0203  0.6142 197.0000 
 0.0401  0.6194 599.0000 
 0.0217  0.8478 46.0000 
 0.0316  0.7053 95.0000 
 0.0400  0.6523 325.0000 
 0.0078  0.8059 510.0000 
 0.0102  0.8476 492.0000 
 0.0212  0.8515 330.0000 
 0.7761  0.7313 335.0000 
 0.0000  0.8132 257.0000 
 0.0605  0.7206 562.0000 
 0.0000  0.7878 476.0000 
 0.2986  0.7504 653.0000 
 0.0173  0.6628 347.0000 
 0.0108  0.6461 647.0000 
 0.0206  0.6186 485.0000 
 0.0000  0.6280 164.0000 
 0.9732  0.5479 261.0000 
 0.0544  0.5574 662.0000 
 0.0193  0.7053 207.0000 
 0.0495  0.6526 950.0000 
 0.3443  0.6399 636.0000 
 0.0172  0.6821 582.0000 
 0.1278  0.6150 665.0000 
 0.4417  0.7425 369.0000 
 0.0000  0.7871 526.0000 
 0.0034  0.7990 592.0000 
 0.0486  0.7812 288.0000 
 0.0756  0.8220 410.0000 
 0.1034  0.7124 532.0000 
 0.3182  0.7803 396.0000 
 0.6065  0.7140 493.0000 
 0.0315  0.7951 571.0000 
 0.0871  0.7459 425.0000 
 0.2254  0.7746 457.0000 
 0.1435  0.7089 237.0000 
 0.0053  0.7513 189.0000 
 0.1735  0.7207 709.0000 
 0.0260  0.7500 384.0000 
 0.0053  0.6392 571.0000 
 0.0522  0.5478 230.0000 
 0.0000  0.5946 1041.0000 
 0.0014  0.6500 740.0000 
 0.0026  0.6761 389.0000 
 0.0301  0.6710 465.0000 
 0.0000  0.8182 165.0000 
 0.0000  0.6656 308.0000 
 0.0093  0.6542 107.0000 
 0.0000  0.6207 87.0000 
 0.1282  0.4871 850.0000 
 0.1919  0.3898 1162.0000 
 0.1984  0.7239 373.0000 
 0.5381  0.7714 420.0000 
 0.4118  0.7703 357.0000 
 0.2795  0.8154 390.0000 
 0.0000  0.7283 368.0000 
 0.0163  0.7464 552.0000 
 0.2437  0.7311 476.0000 
 0.1018  0.6595 511.0000 
 0.0176  0.7170 682.0000 
 0.0000  0.6584 322.0000 
 0.0255  0.6357 431.0000 
 0.1441  0.6610 118.0000 
 0.2087  0.7379 393.0000 
 0.9978  0.8125 928.0000 
 0.0240  0.8585 834.0000 
 0.0000  0.7500 64.0000 
 0.2857  0.8031 259.0000 
 0.0000  0.7734 256.0000 
 0.3484  0.6855 531.0000 
 0.3995  0.7337 413.0000 
 0.0000  0.8421 57.0000 
 0.1107  0.7944 569.0000 
 0.5320  0.6780 500.0000 
 0.5840  0.7008 488.0000 
 0.2478  0.6584 565.0000 
 0.3311  0.7049 305.0000 
 0.2585  0.7805 205.0000 
 0.5677  0.6646 495.0000 
 0.2275  0.7282 655.0000 
 0.0000  0.8507 556.0000 
 0.3298  0.7828 373.0000 
 0.2165  0.7618 508.0000 
 0.4071  0.6713 1162.0000 
 0.9623  0.6438 1008.0000 
 0.2661  0.6694 124.0000 
 0.7057  0.6579 418.0000 
 0.0000  0.6438 73.0000 
 0.5620  0.4050 121.0000 
 0.9624  0.5127 825.0000 
 0.9382  0.4509 550.0000 
 0.1239  0.6843 662.0000 
 0.6007  0.6040 596.0000 
 0.0201  0.6593 945.0000 
 0.7686  0.5654 497.0000 
 1.0000  0.3407 226.0000 
 0.2357  0.7314 1154.0000 
 0.3945  0.6616 659.0000 
 0.4545  0.6730 627.0000 
 0.0000  0.6897 493.0000 
 0.2734  0.5745 940.0000 
 0.2152  0.5507 739.0000 
 0.0000  0.7733 419.0000 
 0.1803  0.5492 122.0000 
 0.0426  0.5745 47.0000 
 0.3030  0.5455 33.0000 
 0.4369  0.6793 396.0000 
 0.2698  0.7037 189.0000 
 0.1277  0.5897 368.0000 
 0.3834  0.6729 373.0000 
 0.0820  0.6814 317.0000 
 0.0159  0.6568 440.0000 
 0.0218  0.7282 412.0000 
 0.0000  0.6471 187.0000 
 0.3434  0.6888 498.0000 
 0.1780  0.7736 455.0000 
 0.0229  0.7328 131.0000 
 0.0477  0.6636 1406.0000 
 0.5086  0.6792 639.0000 
 0.3568  0.6633 199.0000 
 0.3925  0.7124 372.0000 
 0.2120  0.6630 552.0000 
 0.2836  0.6368 201.0000 
 0.2471  0.7882 85.0000 
 0.0000  0.6813 160.0000 
 0.2027  0.7151 1169.0000 
 0.3772  0.6678 912.0000 
 0.6392  0.5464 97.0000 
 0.6938  0.6842 209.0000 
 0.6766  0.6501 903.0000 
 0.8054  0.5877 781.0000 
 0.2642  0.7642 106.0000 
 0.2525  0.7056 788.0000 
 0.5380  0.6901 171.0000 
 0.1864  0.8051 118.0000 
 0.8241  0.6608 398.0000 
 0.4458  0.8042 240.0000 
 0.2627  0.6537 335.0000 
 0.4375  0.7292 48.0000 
 0.2569  0.7246 541.0000 
 0.5792  0.6436 404.0000 
 0.6229  0.7246 236.0000 
 0.4783  0.7549 253.0000 
 0.2692  0.6667 78.0000 
 0.5971  0.7482 139.0000 
 0.0041  0.7373 491.0000 
 0.4911  0.6810 790.0000 
 0.0000  0.6301 146.0000 
 0.2865  0.7189 370.0000 
 0.3253  0.6205 332.0000 
 0.2317  0.5528 246.0000 
 0.8408  0.6606 710.0000 
 0.8790  0.6258 620.0000 
 0.9813  0.6517 534.0000 
 0.7731  0.4722 216.0000 
 0.9455  0.5396 606.0000 
 0.0681  0.6844 602.0000 
 0.0251  0.6844 716.0000 
 0.9895  0.6929 762.0000 
 0.3439  0.5390 410.0000 
 0.9402  0.6062 485.0000 
 0.9389  0.5833 360.0000 
 0.9798  0.7698 643.0000 
 0.9887  0.7246 621.0000 
 0.9832  0.7037 594.0000 
 0.9867  0.7233 900.0000 
 0.9180  0.6688 634.0000 
 0.7303  0.6264 356.0000 
 0.7852  0.5550 391.0000 
 0.8839  0.6067 534.0000 
 0.6698  0.5833 324.0000 
 0.8039  0.6586 413.0000 
 0.5518  0.5563 444.0000 
 0.5777  0.6761 457.0000 
 0.2535  0.6783 718.0000 
 0.2217  0.6687 812.0000 
 0.3007  0.6667 429.0000 
 0.8187  0.6181 728.0000 
 0.4759  0.6805 601.0000 
 0.6534  0.7109 678.0000 
 0.9058  0.6793 711.0000 
 0.3002  0.6405 523.0000 
 0.3068  0.6610 528.0000 
 0.9964  0.6431 835.0000 
 0.0243  0.7449 741.0000 
 0.0000  0.7466 580.0000 
 0.0034  0.7617 596.0000 
 0.0194  0.7431 619.0000 
 0.3821  0.6490 547.0000 
 0.3946  0.6286 517.0000 
 0.3370  0.5866 641.0000 
 0.3773  0.6242 652.0000 
 0.3452  0.6225 898.0000 
 0.6890  0.6197 447.0000 
 0.6234  0.6110 401.0000 
 0.0035  0.7784 564.0000 
 0.1115  0.7155 798.0000 
 0.0929  0.6875 1120.0000 
 0.0015  0.7591 656.0000 
 0.0099  0.7161 708.0000 
 0.0808  0.4015 1163.0000 
 0.9937  0.6890 791.0000 
 0.2038  0.3981 422.0000 
 0.1991  0.5011 447.0000 
 0.2107  0.4321 560.0000 
 0.2444  0.4278 540.0000 
 0.0016  0.7492 614.0000 
 0.0018  0.7143 560.0000 
 0.0067  0.7839 597.0000 
 0.0018  0.7643 560.0000 
 0.0060  0.7545 994.0000 
 0.0011  0.7667 926.0000 
 0.5781  0.7234 723.0000 
 0.5689  0.6843 624.0000 
 0.9893  0.6403 467.0000 
 0.9933  0.6353 447.0000 
 0.0016  0.7500 612.0000 
 0.0032  0.7544 631.0000 
 0.0246  0.7312 651.0000 
 0.0186  0.7564 698.0000 
 0.0252  0.7332 596.0000 
 0.0227  0.7603 484.0000 
 0.0524  0.7268 992.0000 
 0.0322  0.7398 1026.0000 
 0.0103  0.7180 773.0000 
 0.0054  0.6999 933.0000 
 0.0050  0.7212 599.0000 
 0.0127  0.7800 550.0000 
 0.0393  0.7709 611.0000 
 0.1461  0.7037 486.0000 
 0.1580  0.6778 481.0000 
 0.9910  0.6891 669.0000 
 0.0101  0.7199 989.0000 
 0.0042  0.7147 715.0000 
 0.6100  0.6913 800.0000 
 0.9725  0.7251 291.0000 
 0.9962  0.6934 1047.0000 
 0.0168  0.6549 594.0000 
 0.0252  0.6720 872.0000 
 0.0000  0.7454 377.0000 
 0.9316  0.6881 497.0000 
 0.9850  0.7116 735.0000 
 0.0149  0.6782 808.0000 
 0.0188  0.6256 796.0000 
 0.9885  0.6498 611.0000 
 0.0196  0.7357 613.0000 
 0.0090  0.6742 666.0000 
 0.0127  0.7278 709.0000 
 0.0202  0.7011 890.0000 
 0.0087  0.7128 578.0000 
 0.0218  0.7219 597.0000 
 0.0122  0.7093 492.0000 
 0.4084  0.7377 835.0000 
 0.4502  0.7509 542.0000 
 0.0104  0.7617 575.0000 
 0.0109  0.7482 552.0000 
 0.0102  0.7542 590.0000 
 0.0181  0.7566 1105.0000 
 0.0200  0.7369 1148.0000 
 0.0069  0.7351 872.0000 
 0.0285  0.7551 841.0000 
 0.4401  0.6757 1218.0000 
 0.4776  0.6812 781.0000 
 0.4155  0.6974 1018.0000 
 0.5124  0.7597 849.0000 
 0.0748  0.7081 1069.0000 
 0.0385  0.8018 338.0000 
 0.0000  0.7536 345.0000 
 0.0508  0.6674 472.0000 
 0.0247  0.7140 930.0000 
 0.1422  0.6008 1062.0000 
 0.0323  0.7693 711.0000 
 0.0667  0.7364 899.0000 
 0.0444  0.7807 766.0000 
 0.0707  0.7464 891.0000 
 0.0312  0.7087 769.0000 
 0.0478  0.7097 627.0000 
 0.8748  0.6429 1246.0000 
 0.8541  0.6438 1179.0000 
 0.9900  0.6416 798.0000 
 0.9914  0.6284 584.0000 
 0.9984  0.6904 633.0000 
 0.9938  0.7354 650.0000 
 0.0488  0.7224 389.0000 
 0.2016  0.5906 640.0000 
 0.0102  0.6816 490.0000 
 0.0281  0.6651 1066.0000 
 0.9965  0.6131 853.0000 
 0.9895  0.6690 574.0000 
 0.9931  0.6253 435.0000 
 0.1964  0.6718 387.0000 
 0.9963  0.3567 1629.0000 
 0.9895  0.3522 1519.0000 
 0.9960  0.6556 1501.0000 
 0.9967  0.6707 1230.0000 
 0.4234  0.7382 829.0000 
 0.3913  0.7271 667.0000 
 0.0816  0.7166 748.0000 
 0.1311  0.7243 885.0000 
 0.0750  0.7440 707.0000 
 0.1216  0.7407 806.0000 
 0.3006  0.7227 1540.0000 
 0.3372  0.7342 1708.0000 
 0.4041  0.7655 631.0000 
 0.4026  0.7198 621.0000 
 0.0472  0.7237 847.0000 
 0.0617  0.7577 875.0000 
 0.3796  0.6968 1283.0000 
 0.3916  0.7108 1269.0000 
 0.3243  0.7487 1520.0000 
 0.3616  0.7822 1134.0000 
 0.2039  0.7974 775.0000 
 0.1818  0.7778 792.0000 
 0.4250  0.7114 953.0000 
 0.4664  0.7032 1085.0000 
 0.3585  0.7169 703.0000 
 0.5076  0.7133 593.0000 
 0.3688  0.7003 724.0000 
 0.3997  0.6651 633.0000 
 0.0981  0.7473 1009.0000 
 0.8776  0.7007 588.0000 
 0.8057  0.7365 592.0000 
 0.1734  0.6562 1021.0000 
 0.1889  0.6821 736.0000 
 0.9080  0.7454 326.0000 
 0.0408  0.7672 1177.0000 
 0.9951  0.6341 1025.0000 
 0.7404  0.7136 674.0000 
 0.8347  0.7021 950.0000 
 0.0048  0.7557 1445.0000 
 0.0071  0.7676 1265.0000 
 0.0117  0.7536 1112.0000 
 0.0058  0.7430 1035.0000 
 0.0598  0.5726 1640.0000 
 0.0229  0.7096 1918.0000 
 0.0299  0.7095 2010.0000 
 0.0188  0.7340 1545.0000 
 0.0127  0.7134 1413.0000 
 0.0805  0.6946 2063.0000 
 0.1131  0.6943 1848.0000 
 0.0629  0.6511 1734.0000 
 0.0826  0.6538 1912.0000 
 0.1569  0.5569 2090.0000 
 0.1792  0.5315 1507.0000 
 0.1356  0.7433 900.0000 
 0.2225  0.7469 719.0000 
 0.1351  0.7386 681.0000 
 0.1626  0.7333 855.0000 
 0.0168  0.7813 951.0000 
 0.0202  0.7632 1191.0000 
 0.0097  0.7876 1036.0000 
 0.0123  0.7692 1135.0000 
 0.0447  0.6698 963.0000 
 0.0549  0.6349 819.0000 
 0.0302  0.6430 1028.0000 
 0.0497  0.6405 765.0000 
 0.0163  0.7184 799.0000 
 0.0196  0.6988 767.0000 
 0.0158  0.7309 695.0000 
 0.0169  0.6815 650.0000 
 0.0574  0.7232 1167.0000 
 0.0287  0.7245 871.0000 
 0.0148  0.7106 881.0000 
 0.0123  0.7167 893.0000 
 0.0036  0.7563 829.0000 
 0.0114  0.7589 701.0000 
 0.0136  0.7218 737.0000 
 0.0032  0.6948 616.0000 
 0.0187  0.7228 534.0000 
 0.0220  0.7173 1001.0000 
 0.0169  0.7198 885.0000 
 0.0190  0.7173 1107.0000 
 0.0334  0.6826 838.0000 
 0.0639  0.6852 1080.0000 
 0.0506  0.6572 1126.0000 
 0.0386  0.6783 830.0000 
 0.0661  0.6873 726.0000 
 0.5774  0.6528 265.0000 
 0.1319  0.5957 235.0000 
 0.0220  0.7599 454.0000 
 0.5532  0.6809 94.0000 
 0.2468  0.5665 316.0000 
 0.5732  0.5523 239.0000 
 0.0149  0.7639 538.0000 
 0.3583  0.7083 240.0000 
 0.8806  0.6448 335.0000 
 0.1913  0.7000 460.0000 
 0.9047  0.6721 619.0000 
 0.8750  0.6235 680.0000 
 0.9883  0.6327 599.0000 
 0.8795  0.6635 639.0000 
 0.0120  0.6992 502.0000 
 0.2908  0.5887 282.0000 
 0.0888  0.6390 349.0000 
 0.4599  0.5697 337.0000 
 0.3697  0.6493 211.0000 
 0.2882  0.6502 406.0000 
 0.3108  0.5811 444.0000 
 0.2489  0.6614 446.0000 
 0.1106  0.5770 669.0000 
 0.0519  0.6282 347.0000 
 0.4908  0.7013 760.0000 
 0.4590  0.6372 634.0000 
 0.6140  0.5721 430.0000 
 0.3789  0.6211 95.0000 
 0.2409  0.6773 220.0000 
 0.2969  0.7344 128.0000 
 0.4247  0.6798 737.0000 
 0.5015  0.6569 682.0000 
 0.3135  0.6414 909.0000 
 0.0500  0.7500 120.0000 
 0.3295  0.7226 786.0000 
 0.5728  0.6511 536.0000 
 0.3900  0.6708 641.0000 
 0.1714  0.7921 630.0000 
 0.4352  0.6806 216.0000 
 0.1829  0.7743 350.0000 
 0.4000  0.7412 680.0000 
 0.1089  0.7921 404.0000 
 0.0728  0.8052 426.0000 
 0.1207  0.7577 1110.0000 
 0.2375  0.7324 598.0000 
 0.2916  0.7497 775.0000 
 0.0388  0.7755 490.0000 
 0.9908  0.7304 1083.0000 
 0.8898  0.7429 490.0000 
 0.0751  0.7370 559.0000 
 0.0482  0.7731 498.0000 
 0.2872  0.8085 470.0000 
 0.1830  0.7908 153.0000 
 0.5353  0.7556 1203.0000 
 0.0936  0.7886 577.0000 
 0.6630  0.7179 273.0000 
 0.1060  0.6482 415.0000 
 0.0304  0.6957 723.0000 
 0.2333  0.6905 420.0000 
 0.0046  0.7037 216.0000 
 0.3818  0.8126 571.0000 
 0.2505  0.7579 475.0000 
 0.2308  0.7743 793.0000 
 0.1194  0.7557 1281.0000 
 0.1722  0.7023 598.0000 
 0.0838  0.6908 346.0000 
 0.6126  0.7557 573.0000 
 0.2006  0.7695 334.0000 
 0.0694  0.7431 144.0000 
 0.0047  0.7347 1063.0000 
 0.1053  0.8138 247.0000 
 0.0674  0.7155 341.0000 
 0.0000  0.7725 167.0000 
 0.1822  0.6044 450.0000 
 0.1565  0.6612 735.0000 
 0.0316  0.7025 316.0000 
 0.0000  0.7753 485.0000 
 0.0000  0.8022 91.0000 
 0.3367  0.7082 490.0000 
 0.1189  0.6750 757.0000 
 0.0330  0.7034 971.0000 
 0.2000  0.6909 165.0000 
 0.2521  0.6705 349.0000 
 0.0608  0.7133 757.0000 
 0.4471  0.6026 463.0000 
 0.6007  0.6075 586.0000 
 0.2134  0.6612 1092.0000 
 0.0068  0.7466 146.0000 
 0.3755  0.6780 767.0000 
 0.7565  0.6234 308.0000 
 0.1855  0.7157 415.0000 
 0.0000  0.7003 337.0000 
 0.1097  0.6661 611.0000 
 0.0991  0.7072 666.0000 
 0.0295  0.6944 576.0000 
 0.1256  0.6744 780.0000 
 0.0097  0.7080 411.0000 
 0.0000  0.7674 430.0000 
 0.8956  0.6172 546.0000 
 0.8946  0.5811 721.0000 
 0.2476  0.6806 836.0000 
 0.1825  0.7693 685.0000 
 0.2115  0.6955 312.0000 
 0.0000  0.7719 320.0000 
 0.0000  0.7457 346.0000 
 0.1900  0.6845 637.0000 
 0.0050  0.7228 202.0000 
 0.8443  0.5792 1060.0000 
 0.3975  0.7702 161.0000 
 0.4935  0.6312 385.0000 
 0.0000  0.6566 265.0000 
 0.0000  0.6335 603.0000 
 0.0050  0.6898 403.0000 
 0.0000  0.6881 452.0000 
 0.0000  0.7500 300.0000 
 0.0000  0.7527 93.0000 
 0.0335  0.6536 179.0000 
 0.0000  0.7337 984.0000 
 0.0000  0.6651 633.0000 
 0.0000  0.7629 97.0000 
 0.0000  0.6993 572.0000 
 0.0000  0.7150 200.0000 
 0.0000  0.6797 153.0000 
 0.0000  0.6667 165.0000 
 0.0000  0.6378 196.0000 
 0.0000  0.7373 118.0000 
 0.0000  0.7598 179.0000 
 0.0000  0.7099 162.0000 
 0.0000  0.6883 77.0000 
 0.0000  0.6695 354.0000 
 0.0000  0.7500 132.0000 
 0.0000  0.6875 96.0000 
 0.0000  0.6771 223.0000 
 0.9820  0.5383 665.0000 
 0.9733  0.5320 562.0000 
 0.7287  0.4960 881.0000 
 0.1522  0.6000 1005.0000 
 0.3833  0.5088 1140.0000 
 0.0974  0.6757 1437.0000 
 0.1560  0.6240 1032.0000 
 0.6623  0.5668 681.0000 
 0.5519  0.6253 491.0000 
 0.8944  0.5614 928.0000 
 0.1062  0.6092 998.0000 
 0.1901  0.6308 910.0000 
 0.0590  0.6539 627.0000 
 0.0090  0.7658 333.0000 
 0.1214  0.6202 840.0000 
 0.1688  0.6396 1096.0000 
 0.1640  0.6836 866.0000 
 0.0052  0.7246 966.0000 
 0.0044  0.7533 908.0000 
 0.0053  0.6729 752.0000 
 0.1894  0.6453 1156.0000 
 0.0558  0.6959 1039.0000 
 0.7653  0.6510 490.0000 
 0.1900  0.6545 521.0000 
 0.2601  0.6556 1115.0000 
 0.2811  0.6486 811.0000 
 0.1426  0.6390 554.0000 
 0.2424  0.6746 590.0000 
 0.1976  0.6947 845.0000 
 0.0758  0.7280 805.0000 
 0.1075  0.6140 456.0000 
 0.0760  0.7549 408.0000 
 0.2598  0.7712 612.0000 
 0.3100  0.7411 1016.0000 
 0.5031  0.7219 320.0000 
 0.6773  0.6904 1069.0000 
 0.9026  0.6810 1047.0000 
 0.6150  0.7059 891.0000 
 0.2422  0.5846 1247.0000 
 0.1750  0.7562 160.0000 
 0.1424  0.6643 1138.0000 
 0.0972  0.6722 360.0000 
 0.0822  0.6602 1180.0000 
 0.0445  0.6284 1055.0000 
 0.0062  0.6203 482.0000 
 0.0231  0.6687 649.0000 
 0.7851  0.7905 377.0000 
 0.5306  0.8546 784.0000 
 0.5776  0.8548 606.0000 
 0.0714  0.8338 686.0000 
 0.3305  0.8517 236.0000 
 0.8760  0.8802 726.0000 
 0.7895  0.7544 285.0000 
 0.3846  0.8048 871.0000 
 0.2197  0.7735 874.0000 
 0.0264  0.8719 531.0000 
 0.0070  0.8569 713.0000 
 0.9834  0.7928 782.0000 
 0.6985  0.7682 1277.0000 
 0.2504  0.7547 591.0000 
 0.7799  0.8014 695.0000 
 0.4864  0.7890 1180.0000 
 0.0051  0.8434 198.0000 
 0.9040  0.7599 708.0000 
 0.1122  0.7143 98.0000 
 0.2330  0.8146 631.0000 
 0.3811  0.7606 1299.0000 
 0.4019  0.8096 520.0000 
 0.0302  0.8289 298.0000 
 0.4733  0.8040 505.0000 
 0.3333  0.6667 30.0000 
 0.7188  0.7991 224.0000 
 0.4978  0.8509 691.0000 
 0.0000  0.8211 777.0000 
 0.0000  0.8687 617.0000 
 0.0379  0.7813 343.0000 
 0.6687  0.8353 1008.0000 
 0.7042  0.8333 612.0000 
 0.0072  0.8333 138.0000 
 0.0757  0.7428 727.0000 
 0.5940  0.7567 596.0000 
 0.3129  0.7374 278.0000 
 0.0000  0.6364 110.0000 
 0.2910  0.7053 543.0000 
 0.3796  0.7129 411.0000 
 0.0188  0.7911 584.0000 
 0.0248  0.8195 565.0000 
 0.0181  0.7829 387.0000 
 0.0000  0.7429 245.0000 
 0.0031  0.7585 646.0000 
 0.3814  0.7216 194.0000 
 0.0068  0.8000 590.0000 
 0.0095  0.8337 421.0000 
 0.0019  0.7561 529.0000 
 0.2549  0.8398 412.0000 
 0.0163  0.7073 246.0000 
 0.8855  0.7744 297.0000 
 0.9959  0.7796 245.0000 
 0.4527  0.7861 201.0000 
 0.9175  0.7540 691.0000 
 0.8079  0.7599 354.0000 
 0.0544  0.4422 147.0000 
 0.1904  0.5570 772.0000 
 0.1281  0.6287 851.0000 
 0.7468  0.5708 466.0000 
 0.0252  0.7340 515.0000 
 0.5162  0.5758 554.0000 
 0.7231  0.5944 1134.0000 
 0.3516  0.6166 819.0000 
 0.0623  0.6223 1075.0000 
 0.0140  0.7258 1353.0000 
 0.3158  0.5638 1371.0000 
 0.2915  0.4030 861.0000 
 0.0818  0.6456 1332.0000 
 0.1760  0.5449 1358.0000 
 0.1060  0.6379 1207.0000 
 0.0320  0.6355 1188.0000 
 0.0250  0.6793 1562.0000 
 0.0296  0.6358 1046.0000 
 0.0173  0.6821 865.0000 
 0.0622  0.6123 1687.0000 
 0.0334  0.6643 1287.0000 
 0.1765  0.5294 153.0000 
 0.1804  0.5850 2140.0000 
 0.0750  0.5950 400.0000 
 0.0293  0.6808 614.0000 
 0.2686  0.6755 376.0000 
 0.9696  0.6022 1086.0000 
 0.3422  0.5462 1397.0000 
 0.3691  0.4572 1146.0000 
 0.0688  0.7073 1322.0000 
 0.1897  0.5178 1012.0000 
 0.1773  0.6172 1032.0000 
 0.0298  0.6660 470.0000 
 0.0378  0.6841 1456.0000 
 0.1104  0.6799 906.0000 
 0.0000  0.7286 350.0000 
 0.0055  0.6066 549.0000 
 0.0065  0.6806 1550.0000 
 0.2017  0.5804 1616.0000 
 0.1980  0.5811 1843.0000 
 0.0493  0.7237 771.0000 
 0.2195  0.6007 1157.0000 
 0.2833  0.6421 992.0000 
 0.1548  0.6827 1021.0000 
 0.1347  0.5907 965.0000 
 0.7687  0.5555 1163.0000 
 0.1240  0.6209 968.0000 
 0.1437  0.6290 1628.0000 
 0.0611  0.6270 1343.0000 
 0.0900  0.5990 1045.0000 
 0.0538  0.6506 1451.0000 
 0.0923  0.6192 856.0000 
 0.6681  0.5737 678.0000 
 0.9945  0.6241 721.0000 
 0.9962  0.6012 1314.0000 
 0.9919  0.5800 1112.0000 
 0.1866  0.6031 1227.0000 
 0.3795  0.6391 1502.0000 
 0.8447  0.5156 1249.0000 
 0.1360  0.6277 419.0000 
 0.0217  0.6405 1107.0000 
 0.0323  0.6147 1456.0000 
 0.0136  0.6667 588.0000 
 0.0091  0.5807 768.0000 
 0.0000  0.5732 785.0000 
 0.4770  0.5331 499.0000 
 0.2773  0.5989 880.0000 
 0.0692  0.6415 982.0000 
 0.0612  0.6146 1715.0000 
 0.9964  0.6200 1371.0000 
 0.1196  0.7174 276.0000 
 0.9930  0.5615 1147.0000 
 0.3677  0.6229 960.0000 
 0.0182  0.6440 604.0000 
 0.1334  0.5816 1649.0000 
 0.6230  0.5110 1358.0000 
 0.0052  0.6475 573.0000 
 0.0032  0.7062 616.0000 
 0.1790  0.7077 609.0000 
 0.0639  0.5918 485.0000 
 0.0000  0.5955 267.0000 
 0.0000  0.7568 111.0000 
 0.1860  0.6453 172.0000 
 0.0554  0.7439 289.0000 
 0.0139  0.5556 216.0000 
 0.0620  0.6901 242.0000 
 0.0909  0.7917 264.0000 
 0.0000  0.7238 210.0000 
 0.6881  0.6680 497.0000 
 0.1344  0.6105 439.0000 
 0.7500  0.6051 352.0000 
 0.2667  0.7467 225.0000 
 0.0142  0.6651 424.0000 
 0.0034  0.7235 293.0000 
 0.0000  0.7351 521.0000 
 0.0000  0.8138 349.0000 
 0.0000  0.8112 286.0000 
 0.0309  0.7060 517.0000 
 0.0000  0.7684 285.0000 
 0.0100  0.5542 803.0000 
 0.0000  0.6824 592.0000 
 0.0014  0.7054 740.0000 
 0.0000  0.7600 325.0000 
 0.0000  0.7316 529.0000 
 0.0000  0.7193 431.0000 
 0.0000  0.7022 883.0000 
 0.0000  0.7442 684.0000 
 0.0000  0.7185 579.0000 
 0.0000  0.7221 457.0000 
 0.0017  0.7855 606.0000 
 0.0015  0.7504 669.0000 
 0.0039  0.7700 761.0000 
 0.0090  0.7275 888.0000 
 0.0000  0.7579 603.0000 
 0.0000  0.7490 494.0000 
 0.0054  0.7368 551.0000 
 0.0046  0.7084 439.0000 
 0.0000  0.7718 618.0000 
 0.0088  0.7143 455.0000 
 0.0017  0.7794 603.0000 
 0.0105  0.7612 381.0000 
 0.0381  0.6915 1102.0000 
 0.9894  0.6402 189.0000 
 0.0000  0.7515 499.0000 
 0.0128  0.7894 470.0000 
 0.0015  0.7659 675.0000 
 0.0054  0.7898 371.0000 
 0.0094  0.7368 532.0000 
 0.0057  0.7151 1218.0000 
 0.0221  0.6511 1178.0000 
 0.0117  0.7240 768.0000 
 0.0015  0.7061 667.0000 
 0.0212  0.6402 1320.0000 
 0.0000  0.7620 626.0000 
 0.0068  0.7509 879.0000 
 0.0010  0.7426 1041.0000 
 0.0030  0.7267 666.0000 
 0.0083  0.7452 722.0000 
 0.0057  0.7102 880.0000 
 0.0062  0.7331 487.0000 
 0.0000  0.7555 593.0000 
 0.0000  0.6790 433.0000 
 0.0019  0.7219 525.0000 
 0.0603  0.7062 531.0000 
 0.0031  0.7143 637.0000 
 0.0000  0.7355 722.0000 
 0.0409  0.6022 538.0000 
 0.0017  0.7674 589.0000 
 0.0172  0.7241 870.0000 
 0.0065  0.7397 918.0000 
 0.0146  0.6746 1094.0000 
 0.0023  0.7793 1296.0000 
 0.0000  0.7601 617.0000 
 0.5461  0.6296 683.0000 
 0.9935  0.6866 1222.0000 
 0.0000  0.7727 1443.0000 
 0.8053  0.5808 637.0000 
 0.9630  0.6767 433.0000 
 0.0000  0.7340 312.0000 
 0.6096  0.6798 228.0000 
 0.0186  0.6506 538.0000 
 0.0000  0.7708 445.0000 
 0.8336  0.6738 751.0000 
 0.0349  0.7270 773.0000 
 0.0000  0.7905 377.0000 
 0.1587  0.6472 479.0000 
 0.0763  0.7449 878.0000 
 0.0000  0.7542 1180.0000 
 0.1176  0.6989 621.0000 
 0.0015  0.7243 671.0000 
 0.0022  0.7617 898.0000 
 0.0556  0.6890 971.0000 
 0.0000  0.7287 376.0000 
 0.0014  0.7541 724.0000 
 0.0506  0.6998 633.0000 
 0.0000  0.7015 891.0000 
 0.0015  0.8097 662.0000 
 0.0397  0.6746 1008.0000 
 0.0022  0.7246 904.0000 
 0.0037  0.7017 808.0000 
 0.0095  0.7740 845.0000 
 0.0428  0.7302 771.0000 
 0.0702  0.7308 769.0000 
 0.0237  0.7322 844.0000 
 0.0186  0.7475 1291.0000 
 0.0082  0.7490 490.0000 
 0.0109  0.7664 732.0000 
 0.0179  0.6973 446.0000 
 0.2826  0.4957 230.0000 
 0.0008  0.7523 1316.0000 
 0.1848  0.5006 909.0000 
 0.0000  0.7393 1308.0000 
 0.1794  0.6250 496.0000 
 0.9920  0.5801 624.0000 
 0.0923  0.6253 379.0000 
 0.0338  0.6471 918.0000 
 0.0427  0.6718 1030.0000 
 0.0368  0.6316 923.0000 
 0.0503  0.6709 796.0000 
 0.0643  0.6323 1447.0000 
 0.0598  0.6647 1187.0000 
 0.0336  0.5979 1726.0000 
 0.0257  0.6476 857.0000 
 0.0519  0.6383 1059.0000 
 0.0413  0.6937 653.0000 
 0.0051  0.6901 2162.0000 
 0.0232  0.6424 1208.0000 
 0.0238  0.6760 1176.0000 
 0.0798  0.5995 2192.0000 
 0.6832  0.7045 423.0000 
 0.0206  0.6855 1167.0000 
 0.0364  0.5581 878.0000 
 0.0000  0.7757 896.0000 
 0.0033  0.7017 600.0000 
 0.0019  0.7218 514.0000 
 0.0053  0.7995 758.0000 
 0.0000  0.7725 800.0000 
 0.0000  0.7726 985.0000 
 0.0000  0.7938 747.0000 
 0.0000  0.8031 508.0000 
 0.0015  0.7551 682.0000 
 0.0015  0.7839 671.0000 
 0.0000  0.7810 758.0000 
 0.0000  0.7823 441.0000 
 0.0000  0.7853 899.0000 
 0.0133  0.7550 751.0000 
 0.0025  0.7817 797.0000 
 0.0000  0.7442 954.0000 
 0.0098  0.7297 714.0000 
 0.0072  0.7081 555.0000 
 0.0043  0.7241 1167.0000 
 0.0000  0.7371 1354.0000 
 0.0014  0.7715 1409.0000 
 0.0264  0.6409 607.0000 
 0.0074  0.7941 539.0000 
 0.0013  0.7828 778.0000 
 0.0007  0.7271 1506.0000 
 0.0015  0.7307 1292.0000 
 0.0026  0.7480 1151.0000 
 0.0241  0.7229 332.0000 
 0.0025  0.7535 791.0000 
 0.0127  0.7048 786.0000 
 0.0102  0.7493 686.0000 
 0.0000  0.7578 739.0000 
 0.0020  0.7260 511.0000 
 0.0000  0.6731 884.0000 
 0.0000  0.7430 1066.0000 
 0.0017  0.7543 578.0000 
 0.0454  0.6168 882.0000 
 0.0038  0.7500 792.0000 
 0.0017  0.7352 1186.0000 
 0.0000  0.8120 601.0000 
 0.0419  0.6040 596.0000 
 0.0029  0.7591 685.0000 
 0.0092  0.7248 545.0000 
 0.0015  0.7449 682.0000 
 0.0027  0.6440 1503.0000 
 0.0517  0.7383 619.0000 
 0.0930  0.7340 688.0000 
 0.1105  0.7035 1366.0000 
 0.0316  0.7316 190.0000 
 0.8714  0.5935 1299.0000 
 0.0183  0.6456 1092.0000 
 0.0173  0.7006 1446.0000 
 0.0500  0.6912 1279.0000 
 0.1952  0.6815 1281.0000 
 0.0155  0.7553 903.0000 
 0.0773  0.7300 789.0000 
 0.1747  0.7724 870.0000 
 0.9735  0.7682 302.0000 
 0.0196  0.8105 153.0000 
 0.2954  0.6752 545.0000 
 0.0000  0.7020 151.0000 
 0.0191  0.6651 209.0000 
 0.0497  0.6796 181.0000 
 0.2728  0.6874 1305.0000 
 0.0733  0.7021 846.0000 
 0.1733  0.7257 525.0000 
 0.0000  0.7846 65.0000 
 0.0081  0.6532 372.0000 
 0.0781  0.6514 832.0000 
 0.0486  0.7459 185.0000 
 0.3160  0.7707 1234.0000 
 0.3696  0.7023 974.0000 
 0.1214  0.6755 832.0000 
 0.1301  0.6928 830.0000 
 0.1121  0.6651 642.0000 
 0.0612  0.7101 997.0000 
 0.0834  0.7003 971.0000 
 0.3245  0.6549 678.0000 
 0.3699  0.6497 765.0000 
 0.2615  0.7033 738.0000 
 0.1639  0.6990 671.0000 
 0.1386  0.6703 743.0000 
 0.1539  0.6849 968.0000 
 0.1595  0.6659 928.0000 
 0.2007  0.6508 862.0000 
 0.2270  0.7261 555.0000 
 0.1586  0.7129 599.0000 
 0.2844  0.7197 735.0000 
 0.2562  0.7189 402.0000 
 0.0674  0.6526 475.0000 
 0.0435  0.7256 1035.0000 
 0.0520  0.7073 885.0000 
 0.0452  0.5946 597.0000 
 0.0698  0.5463 659.0000 
 0.0247  0.7556 810.0000 
 0.0671  0.6169 462.0000 
 0.0393  0.8483 178.0000 
 0.0322  0.6416 1024.0000 
 0.1776  0.6663 839.0000 
 0.1555  0.6744 688.0000 
 0.1537  0.6802 566.0000 
 0.1585  0.6951 246.0000 
 0.0624  0.6973 882.0000 
 0.1267  0.7328 726.0000 
 0.8472  0.5533 779.0000 
 0.9785  0.5705 1071.0000 
 0.8420  0.5745 557.0000 
 0.8010  0.5935 588.0000 
 0.9152  0.5543 920.0000 
 0.2255  0.6350 337.0000 
 0.4362  0.6007 1222.0000 
 0.7632  0.5841 832.0000 
 0.7382  0.5687 932.0000 
 0.8972  0.5690 710.0000 
 0.9355  0.6073 713.0000 
 0.7781  0.5402 311.0000 
 0.3124  0.6061 957.0000 
 0.9895  0.5744 571.0000 
 0.9867  0.5374 601.0000 
 0.6405  0.5779 879.0000 
 0.3277  0.5966 357.0000 
 0.0062  0.6869 642.0000 
 0.0223  0.6702 761.0000 
 0.1432  0.4790 405.0000 
 0.1736  0.4628 484.0000 
 0.1739  0.5259 483.0000 
 0.4644  0.4746 295.0000 
 0.1742  0.5784 287.0000 
 0.4764  0.5127 275.0000 
 0.3179  0.5232 151.0000 
 0.0016  0.7259 642.0000 
 0.0097  0.7334 619.0000 
 0.3068  0.6602 665.0000 
 0.3121  0.6746 676.0000 
 0.6510  0.5599 384.0000 
 0.0759  0.6168 843.0000 
 0.0577  0.5761 762.0000 
 0.0140  0.7475 1002.0000 
 0.0199  0.7066 702.0000 
 0.0013  0.6823 787.0000 
 0.0522  0.6728 651.0000 
 0.0451  0.6827 665.0000 
 0.0108  0.6672 649.0000 
 0.0344  0.6400 814.0000 
 0.0507  0.6368 749.0000 
 0.0483  0.5959 829.0000 
 0.0654  0.6387 764.0000 
 0.0717  0.6312 892.0000 
 0.0012  0.7201 854.0000 
 0.0013  0.7066 784.0000 
 0.0054  0.7035 742.0000 
 0.0118  0.6461 763.0000 
 0.0077  0.6838 778.0000 
 0.0242  0.6186 1159.0000 
 0.0158  0.7386 505.0000 
 0.0076  0.6307 658.0000 
 0.0412  0.6864 558.0000 
 0.0029  0.7374 693.0000 
 0.0107  0.7216 844.0000 
 0.0126  0.6549 1188.0000 
 0.0023  0.6914 1319.0000 
 0.0052  0.6499 1354.0000 
 0.0433  0.6016 1594.0000 
 0.0677  0.5830 813.0000 
 0.0446  0.7011 1211.0000 
 0.0324  0.6473 1018.0000 
 0.0261  0.5229 153.0000 
 0.0814  0.6017 1499.0000 
 0.0340  0.6117 940.0000 
 0.1465  0.6367 1024.0000 
 0.1186  0.6460 582.0000 
 0.1619  0.6632 766.0000 
 0.0381  0.7262 946.0000 
 0.4485  0.7252 1059.0000 
 0.0437  0.6065 1075.0000 
 0.0268  0.6521 710.0000 
 0.0424  0.6561 660.0000 
 0.0994  0.5497 1308.0000 
 0.0866  0.5409 1259.0000 
 0.0565  0.6588 425.0000 
 0.0452  0.5857 420.0000 
 0.0645  0.7546 713.0000 
 0.0685  0.7749 1226.0000 
 0.0694  0.7867 994.0000 
 0.6350  0.6650 400.0000 
 0.1947  0.7705 488.0000 
 0.0530  0.8048 661.0000 
 0.0671  0.7988 1342.0000 
 0.2287  0.7378 656.0000 
 0.1003  0.7799 309.0000 
 0.7177  0.7090 457.0000 
 0.4810  0.7724 738.0000 
 0.6252  0.7458 771.0000 
 0.1009  0.7859 327.0000 
 0.0147  0.8275 748.0000 
 0.0785  0.7846 1337.0000 
 0.0423  0.7701 757.0000 
 0.0888  0.7555 642.0000 
 0.0092  0.7293 761.0000 
 0.1149  0.7308 1044.0000 
 0.1110  0.7041 784.0000 
 0.0159  0.7849 753.0000 
 0.0022  0.7305 1358.0000 
 0.0024  0.6711 833.0000 
 0.0000  0.7205 526.0000 
 0.0015  0.7218 683.0000 
 0.0011  0.6782 926.0000 
 0.0000  0.6667 30.0000 
 0.0000  0.5714 56.0000 
 0.1081  0.6802 222.0000 
 0.0947  0.7992 264.0000 
 0.0224  0.7522 581.0000 
 0.0276  0.7781 1343.0000 
 0.0059  0.7482 842.0000 
 0.0000  0.7533 523.0000 
 0.0000  0.7402 535.0000 
 0.0067  0.8054 149.0000 
 0.6318  0.6650 812.0000 
 0.2524  0.7061 313.0000 
 0.0667  0.8667 15.0000 
 0.0000  0.7326 172.0000 
 0.0296  0.7194 506.0000 
 0.2019  0.7150 421.0000 
 0.0481  0.7981 104.0000 
 0.0000  0.5983 346.0000 
 0.0234  0.6047 812.0000 
 0.1652  0.6293 696.0000 
 0.0043  0.6350 1170.0000 
 0.0054  0.6948 367.0000 
 0.0000  0.6397 494.0000 
 0.0000  0.6778 748.0000 
 0.0000  0.5507 434.0000 
 0.0000  0.6633 701.0000 
 0.0000  0.6561 788.0000 
 0.0000  0.6951 669.0000 
 0.0000  0.6949 472.0000 
 0.0000  0.6760 321.0000 
 0.0011  0.6431 905.0000 
 0.0016  0.7253 608.0000 
 0.0073  0.6715 1099.0000 
 0.0147  0.6985 272.0000 
 0.0739  0.7160 771.0000 
 0.0000  0.5969 196.0000 
 0.0000  0.6918 649.0000 
 0.0191  0.6919 1256.0000 
 0.0000  0.6364 297.0000 
 0.0000  0.6486 185.0000 
 0.0789  0.5868 380.0000 
 0.0309  0.5155 194.0000 
 0.0000  0.6667 78.0000 
 0.0048  0.6498 831.0000 
 0.0862  0.6897 58.0000 
 0.0000  0.6868 514.0000 
 0.0418  0.6198 263.0000 
 0.0000  0.6265 83.0000 
 0.0000  0.7625 341.0000 
 0.0000  0.7682 440.0000 
 0.0043  0.7746 923.0000 
 0.0053  0.7397 753.0000 
 0.0000  0.7705 61.0000 
 0.0107  0.7167 466.0000 
 0.0000  0.7139 332.0000 
 0.0253  0.6029 277.0000 
 0.0000  0.6456 79.0000 
 0.0000  0.6757 111.0000 
 0.0000  0.8067 119.0000 
 0.0000  0.8116 69.0000 
 0.0000  0.7086 151.0000 
 0.0000  0.6406 128.0000 
 0.0000  0.6786 364.0000 
 0.0217  0.7174 46.0000 
 0.0130  0.7430 463.0000 
 0.0000  0.7806 155.0000 
 0.0000  0.7619 105.0000 
 0.0000  0.9412 34.0000 
 0.0000  0.8235 85.0000 
 0.7721  0.5221 136.0000 
 0.5603  0.6236 348.0000 
 0.8064  0.6676 346.0000 
 0.5000  0.8676 68.0000 
 0.0331  0.7361 936.0000 
 0.0065  0.7523 1070.0000 
 0.0929  0.6355 1668.0000 
 0.4251  0.5774 1169.0000 
 0.7057  0.6638 1835.0000 
 0.5263  0.6561 1387.0000 
 0.1050  0.6822 1372.0000 
 0.2808  0.4924 851.0000 
 0.0230  0.7533 1131.0000 
 0.9447  0.4733 1572.0000 
 0.9736  0.4625 1399.0000 
 0.3616  0.7559 885.0000 
 0.0296  0.8719 203.0000 
 0.2035  0.8363 226.0000 
 0.4149  0.7940 335.0000 
 0.1476  0.8143 210.0000 
 0.3308  0.7872 390.0000 
 0.1706  0.7867 422.0000 
 0.0231  0.8201 389.0000 
 0.0969  0.7336 289.0000 
 0.0058  0.7485 342.0000 
 0.1430  0.8128 1063.0000 
 0.0933  0.7573 375.0000 
 0.0462  0.8020 606.0000 
 0.0059  0.6992 1516.0000 
 0.0168  0.7530 1247.0000 
 0.0188  0.7316 1386.0000 
 0.0410  0.8060 902.0000 
 0.0424  0.7882 968.0000 
 0.6393  0.6624 865.0000 
 0.0094  0.7000 1490.0000 
 0.0062  0.7197 1445.0000 
 0.0046  0.7608 439.0000 
 0.0000  0.7748 484.0000 
 0.0272  0.7746 772.0000 
 0.0007  0.7339 1518.0000 
 0.0027  0.7248 1490.0000 
 0.0000  0.6588 1143.0000 
 0.0342  0.7547 322.0000 
 0.0804  0.7401 808.0000 
 0.1279  0.7219 1032.0000 
 0.0657  0.7413 1156.0000 
 0.0000  0.7528 712.0000 
 0.0761  0.7500 552.0000 
 0.0000  0.7908 368.0000 
 0.1438  0.7252 473.0000 
 0.2480  0.6935 992.0000 
 0.1708  0.7043 1089.0000 
 0.0067  0.7467 450.0000 
 0.0000  0.7118 1530.0000 
 0.0027  0.6578 1125.0000 
 0.0018  0.6827 1642.0000 
 0.0020  0.7009 1023.0000 
 0.0011  0.7273 913.0000 
 0.0577  0.7239 815.0000 
 0.1652  0.7991 702.0000 
 0.0690  0.6603 1463.0000 
 0.1045  0.6633 1589.0000 
 0.0327  0.7000 550.0000 
 0.0000  0.6655 1190.0000 
 0.5119  0.6305 295.0000 
 0.3155  0.7031 485.0000 
 0.0343  0.5086 175.0000 
 0.0000  0.7167 240.0000 
 0.0256  0.7863 117.0000 
 0.4257  0.7525 101.0000 
 0.0219  0.7342 365.0000 
 0.2886  0.6913 149.0000 
 0.9982  0.6060 566.0000 
 0.1491  0.7081 322.0000 
 1.0000  0.5851 470.0000 
 0.9945  0.6466 549.0000 
 0.9972  0.5696 704.0000 
 0.9918  0.5902 610.0000 
 0.8718  0.5926 351.0000 
 0.0000  0.7587 344.0000 
 0.7940  0.6340 500.0000 
 0.0368  0.7794 272.0000 
 0.0021  0.7176 478.0000 
 0.0000  0.7481 516.0000 
 0.0754  0.7812 544.0000 
 0.0738  0.6803 610.0000 
 0.1299  0.7287 693.0000 
 0.2206  0.6854 553.0000 
 0.6542  0.6326 509.0000 
 0.9624  0.5887 744.0000 
 0.1481  0.7135 520.0000 
 0.0426  0.7041 517.0000 
 0.0688  0.6156 320.0000 
 0.2546  0.6538 491.0000 
 0.6384  0.5536 578.0000 
 0.9925  0.6437 668.0000 
 0.9968  0.6036 618.0000 
 0.5762  0.6621 512.0000 
 0.4929  0.6299 562.0000 
 0.0533  0.7883 600.0000 
 0.0065  0.7220 464.0000 
 0.1109  0.6923 559.0000 
 0.0529  0.7580 529.0000 
 0.0526  0.7139 818.0000 
 0.0362  0.7399 719.0000 
 0.3460  0.6812 552.0000 
 0.1795  0.7436 117.0000 
 0.6590  0.5954 346.0000 
 0.2073  0.7031 357.0000 
 0.2199  0.6661 623.0000 
 0.6789  0.5377 517.0000 
 0.2356  0.6467 433.0000 
 0.3867  0.7422 225.0000 
 0.7350  0.5899 317.0000 
 0.0000  0.6322 87.0000 
 0.4664  0.7857 238.0000 
 0.6364  0.6719 253.0000 
 0.3559  0.6306 222.0000 
 0.4316  0.6186 936.0000 
 0.3074  0.5773 1223.0000 
 0.4070  0.4832 656.0000 
 0.6456  0.4632 855.0000 
 0.8043  0.5328 792.0000 
 0.3915  0.6257 756.0000 
 0.0000  0.7656 448.0000 
 0.9088  0.5321 669.0000 
 0.1196  0.6827 769.0000 
 0.0482  0.6268 1163.0000 
 0.1511  0.6446 1615.0000 
 0.0000  0.7380 603.0000 
 0.9897  0.5773 776.0000 
 0.1782  0.8621 174.0000 
 0.2974  0.7487 195.0000 
 0.0000  0.7600 300.0000 
 0.2365  0.7061 296.0000 
 0.1404  0.7088 285.0000 
 0.1285  0.6370 708.0000 
 0.7265  0.5829 362.0000 
 0.6728  0.7222 648.0000 
 0.0286  0.7117 489.0000 
 0.0400  0.7295 525.0000 
 0.2562  0.7331 281.0000 
 0.1845  0.5534 103.0000 
 0.4585  0.6443 253.0000 
 0.0680  0.7075 294.0000 
 0.0027  0.7668 373.0000 
 0.5833  0.6620 216.0000 
 0.2960  0.7354 446.0000 
 0.0215  0.7097 93.0000 
 0.1176  0.7294 85.0000 
 0.4266  0.6224 286.0000 
 0.9608  0.5090 332.0000 
 0.6732  0.6887 257.0000 
 0.4251  0.6747 581.0000 
 0.1850  0.6740 227.0000 
 0.0031  0.5969 325.0000 
 0.0000  0.6173 81.0000 
 0.0142  0.6383 141.0000 
 0.1209  0.6372 339.0000 
 0.6402  0.6098 264.0000 
 0.3484  0.5492 244.0000 
 0.1951  0.5975 405.0000 
 0.9517  0.5652 414.0000 
 0.9957  0.5498 462.0000 
 0.2620  0.4409 313.0000 
 0.3713  0.3320 509.0000 
 0.9298  0.5673 171.0000 
 0.9861  0.5279 718.0000 
 0.9630  0.6111 108.0000 
 0.9847  0.5376 852.0000 
 0.9892  0.5146 651.0000 
 0.9346  0.5183 872.0000 
 0.1955  0.3881 353.0000 
 0.6589  0.5969 129.0000 
 0.5231  0.6000 65.0000 
 0.5566  0.6792 318.0000 
 0.9459  0.5225 222.0000 
 0.5956  0.5628 183.0000 
 0.9391  0.5914 279.0000 
 0.5839  0.5738 298.0000 
 0.3388  0.6287 307.0000 
 0.3082  0.6478 159.0000 
 0.1731  0.7115 260.0000 
 0.2196  0.6757 296.0000 
 0.3889  0.6407 270.0000 
 0.2250  0.6950 200.0000 
 0.0848  0.6537 283.0000 
 0.3510  0.5960 302.0000 
 0.2268  0.6469 388.0000 
 0.0795  0.6477 352.0000 
 0.6997  0.4786 796.0000 
 0.9797  0.6421 394.0000 
 0.9213  0.5888 394.0000 
 0.4953  0.6274 212.0000 
 0.1250  0.6350 200.0000 
 0.1188  0.7376 202.0000 
 0.0213  0.6856 423.0000 
 0.0044  0.7773 458.0000 
 0.0170  0.7551 294.0000 
 0.0036  0.7331 281.0000 
 0.0123  0.7323 325.0000 
 0.0040  0.6800 250.0000 
 0.0000  0.7549 257.0000 
 0.0000  0.7826 322.0000 
 0.0036  0.7842 278.0000 
 0.0025  0.7519 395.0000 
 0.0027  0.6548 365.0000 
 0.0059  0.7109 339.0000 
 0.0000  0.7528 360.0000 
 0.0000  0.7515 499.0000 
 0.0000  0.7370 559.0000 
 0.0018  0.7392 556.0000 
 0.0021  0.7859 481.0000 
 0.0000  0.7614 440.0000 
 0.0027  0.7253 364.0000 
 0.0000  0.7104 366.0000 
 0.0000  0.7268 355.0000 
 0.0029  0.7522 347.0000 
 0.0046  0.7485 656.0000 
 0.0041  0.7486 736.0000 
 0.0029  0.6210 343.0000 
 0.0945  0.6221 307.0000 
 0.0255  0.6505 392.0000 
 0.7720  0.2953 193.0000 
 0.9860  0.5749 501.0000 
 0.9848  0.5779 725.0000 
 0.9707  0.6374 546.0000 
 0.9385  0.6383 423.0000 
 0.9464  0.6821 280.0000 
 0.8727  0.6479 267.0000 
 0.6090  0.6880 266.0000 
 0.2362  0.6503 326.0000 
 0.0067  0.7283 449.0000 
 0.0785  0.7432 331.0000 
 0.0323  0.7143 371.0000 
 0.0415  0.6920 289.0000 
 0.0000  0.7271 414.0000 
 0.0170  0.7547 530.0000 
 0.0044  0.7692 455.0000 
 0.0203  0.5943 493.0000 
 0.1059  0.6481 557.0000 
 0.8685  0.6213 441.0000 
 0.9386  0.5831 391.0000 
 0.9466  0.6571 487.0000 
 0.8631  0.6288 431.0000 
 0.4282  0.6225 355.0000 
 0.1401  0.7176 471.0000 
 0.1351  0.6175 570.0000 
 0.5012  0.5908 413.0000 
 0.9097  0.5756 443.0000 
 0.9755  0.5686 408.0000 
 0.9741  0.6100 541.0000 
 0.9238  0.6210 525.0000 
 0.9734  0.6545 602.0000 
 0.9587  0.6926 605.0000 
 0.9902  0.6618 408.0000 
 0.9743  0.6931 505.0000 
 0.9900  0.6060 500.0000 
 0.9280  0.6985 597.0000 
 0.5554  0.6643 560.0000 
 0.9642  0.6523 558.0000 
 0.9691  0.6894 615.0000 
 0.7850  0.6430 493.0000 
 0.7483  0.7162 437.0000 
 0.4432  0.6875 176.0000 
 0.1239  0.6838 234.0000 
 0.3859  0.6873 806.0000 
 0.5818  0.7480 373.0000 
 0.9798  0.6801 644.0000 
 0.9245  0.7099 424.0000 
 0.8919  0.7315 555.0000 
 0.8389  0.6754 422.0000 
 0.7874  0.6881 776.0000 
 0.8612  0.4899 994.0000 
 0.8624  0.7331 843.0000 
 0.8402  0.6716 338.0000 
 0.9556  0.6991 585.0000 
 0.9926  0.5492 1087.0000 
 0.9576  0.6102 708.0000 
 0.9898  0.5403 683.0000 
 0.9682  0.6975 628.0000 
 0.8977  0.7332 596.0000 
 0.8548  0.7081 675.0000 
 0.6207  0.7401 377.0000 
 0.4661  0.7598 487.0000 
 0.2430  0.7669 502.0000 
 0.1957  0.7095 327.0000 
 0.0853  0.7287 457.0000 
 0.7486  0.7447 521.0000 
 0.4677  0.7471 526.0000 
 0.2898  0.6932 352.0000 
 0.2423  0.7338 293.0000 
 0.1321  0.6925 530.0000 
 0.3471  0.7471 340.0000 
 0.1865  0.6658 386.0000 
 0.0984  0.7377 610.0000 
 0.0509  0.7520 629.0000 
 0.0067  0.7627 451.0000 
 0.0146  0.7512 410.0000 
 0.1642  0.5174 402.0000 
 0.2543  0.5580 405.0000 
 0.5967  0.6077 362.0000 
 0.8016  0.4881 252.0000 
 0.6723  0.5621 354.0000 
 0.8047  0.6329 425.0000 
 0.8614  0.6290 469.0000 
 0.9366  0.5880 568.0000 
 0.8498  0.6188 446.0000 
 0.9378  0.6286 482.0000 
 0.8893  0.6436 578.0000 
 0.8708  0.6111 774.0000 
 0.7989  0.5127 353.0000 
 0.5124  0.7065 603.0000 
 0.6441  0.6158 354.0000 
 0.4173  0.6691 405.0000 
 0.3457  0.6283 460.0000 
 0.3418  0.7070 471.0000 
 0.2779  0.6421 475.0000 
 0.1511  0.6922 536.0000 
 0.0646  0.6673 511.0000 
 0.1095  0.6948 557.0000 
 0.1829  0.7175 492.0000 
 0.2031  0.7249 389.0000 
 0.3289  0.6552 377.0000 
 0.2404  0.7775 391.0000 
 0.6125  0.7054 560.0000 
 0.3416  0.6556 363.0000 
 0.8047  0.7062 548.0000 
 0.1045  0.6637 794.0000 
 0.3218  0.6526 665.0000 
 0.8091  0.6858 592.0000 
 0.6199  0.5828 592.0000 
 0.6729  0.6589 428.0000 
 0.9663  0.6222 712.0000 
 0.9892  0.6368 837.0000 
 0.9985  0.6342 678.0000 
 0.8362  0.5904 586.0000 
 0.9846  0.6129 713.0000 
 0.9681  0.6313 689.0000 
 0.9951  0.6279 610.0000 
 0.9969  0.5920 326.0000 
 0.9910  0.6426 666.0000 
 0.9931  0.5892 723.0000 
 0.9938  0.6216 806.0000 
 0.9893  0.5915 563.0000 
 0.8295  0.5766 692.0000 
 0.9812  0.6016 640.0000 
 0.9897  0.6473 774.0000 
 0.9945  0.6731 361.0000 
 0.6021  0.5452 387.0000 
 0.7374  0.5486 514.0000 
 0.4483  0.5862 290.0000 
 0.3901  0.5630 405.0000 
 0.3343  0.5982 341.0000 
 0.5184  0.5289 380.0000 
 0.4220  0.5699 372.0000 
 0.4332  0.5749 367.0000 
 0.8299  0.6041 629.0000 
 0.8970  0.5675 437.0000 
 0.8102  0.5245 511.0000 
 0.6802  0.6041 197.0000 
 0.9559  0.5543 635.0000 
 0.9530  0.5935 829.0000 
 0.9661  0.6284 767.0000 
 0.7694  0.5233 386.0000 
 0.9890  0.6161 547.0000 
 0.9770  0.5905 652.0000 
 0.9875  0.5455 561.0000 
 0.9888  0.4720 805.0000 
 0.9812  0.5469 693.0000 
 0.9906  0.4709 1066.0000 
 0.9921  0.4672 1143.0000 
 0.9959  0.4718 1223.0000 
 0.9939  0.4350 984.0000 
 0.5493  0.5658 304.0000 
 0.4081  0.5449 468.0000 
 0.6093  0.7318 343.0000 
 0.6399  0.7783 672.0000 
 0.6254  0.7599 558.0000 
 0.6615  0.7568 514.0000 
 0.9928  0.7145 690.0000 
 0.9965  0.7312 573.0000 
 0.9936  0.7653 622.0000 
 0.9911  0.7422 671.0000 
 0.6707  0.4879 580.0000 
 0.7188  0.6103 793.0000 
 0.9127  0.6210 504.0000 
 0.9904  0.6429 728.0000 
 0.9833  0.7250 600.0000 
 0.9141  0.6264 629.0000 
 0.7530  0.6722 421.0000 
 0.5959  0.6853 537.0000 
 0.9742  0.6275 698.0000 
 0.8451  0.6283 452.0000 
 0.2627  0.6595 373.0000 
 0.1910  0.7207 487.0000 
 0.2903  0.7119 472.0000 
 0.2805  0.7054 353.0000 
 0.3372  0.7362 436.0000 
 0.2068  0.6712 730.0000 
 0.2545  0.6841 440.0000 
 0.2178  0.7125 473.0000 
 0.2618  0.7326 718.0000 
 0.2991  0.6850 692.0000 
 0.2263  0.7263 464.0000 
 0.2413  0.7271 601.0000 
 0.5431  0.6270 823.0000 
 0.5902  0.5180 388.0000 
 0.7793  0.6357 571.0000 
 0.5258  0.4505 677.0000 
 0.6825  0.6702 567.0000 
 0.3507  0.6319 576.0000 
 0.4000  0.7085 710.0000 
 0.4148  0.5895 458.0000 
 0.2449  0.5907 535.0000 
 0.0818  0.7381 611.0000 
 0.5940  0.5788 463.0000 
 0.0851  0.7234 141.0000 
 0.5914  0.6042 1089.0000 
 0.9102  0.5916 813.0000 
 0.2565  0.7048 542.0000 
 0.7761  0.6220 746.0000 
 0.4505  0.5981 535.0000 
 0.4080  0.6906 598.0000 
 0.6102  0.7450 549.0000 
 0.8658  0.3920 477.0000 
 0.4328  0.7496 603.0000 
 0.5045  0.6295 448.0000 
 0.4627  0.7032 657.0000 
 0.3783  0.6767 563.0000 
 0.8142  0.5136 845.0000 
 0.8301  0.6306 877.0000 
 0.4647  0.6667 411.0000 
 0.5827  0.7152 611.0000 
 0.3913  0.5855 1035.0000 
 0.5254  0.6737 236.0000 
 0.3114  0.6772 790.0000 
 0.4797  0.6885 838.0000 
 0.8416  0.6918 928.0000 
 0.9407  0.6068 1231.0000 
 0.7535  0.6483 1521.0000 
 0.8490  0.7727 629.0000 
 0.1686  0.7049 759.0000 
 0.5935  0.6197 802.0000 
 0.7062  0.6751 834.0000 
 0.4797  0.7368 813.0000 
 0.0917  0.6114 687.0000 
 0.0000  0.6508 421.0000 
 0.9555  0.4640 584.0000 
 0.9392  0.4734 526.0000 
 0.9251  0.4510 561.0000 
 0.4626  0.6123 227.0000 
 0.2205  0.4411 331.0000 
 0.0801  0.6050 362.0000 
 0.0626  0.5731 527.0000 
 0.6269  0.4352 386.0000 
 0.5909  0.6051 352.0000 
 0.9781  0.5547 640.0000 
 0.9791  0.5590 669.0000 
 0.9777  0.5325 539.0000 
 0.8635  0.5683 271.0000 
 0.6995  0.5082 366.0000 
 0.6232  0.6459 353.0000 
 0.4144  0.6154 403.0000 
 0.5827  0.5801 381.0000 
 0.1713  0.5260 327.0000 
 0.0593  0.5816 337.0000 
 0.0123  0.6173 405.0000 
 0.0100  0.6103 603.0000 
 0.4639  0.5746 623.0000 
 0.9843  0.6003 638.0000 
 0.9901  0.6123 503.0000 
 0.9868  0.5453 530.0000 
 0.9942  0.5617 689.0000 
 0.9861  0.5132 721.0000 
 0.9902  0.5751 819.0000 
 0.9899  0.5581 396.0000 
 0.9903  0.5942 414.0000 
 0.9947  0.6176 374.0000 
 0.3763  0.6237 372.0000 
 0.6949  0.6771 449.0000 
 0.7080  0.6261 452.0000 
 0.3019  0.6565 361.0000 
 0.0857  0.5898 490.0000 
 0.2766  0.6690 423.0000 
 0.0765  0.6119 353.0000 
 0.0697  0.4913 287.0000 
 0.6255  0.5915 470.0000 
 0.1429  0.6027 448.0000 
 0.7437  0.6302 749.0000 
 0.8118  0.6216 510.0000 
 0.9808  0.5577 728.0000 
 0.8565  0.6348 627.0000 
 0.9864  0.5840 589.0000 
 0.9346  0.6027 657.0000 
 0.9127  0.6354 458.0000 
 0.8095  0.6845 672.0000 
 0.9663  0.6208 356.0000 
 0.9714  0.6619 630.0000 
 0.5323  0.6031 325.0000 
 0.5113  0.6756 487.0000 
 0.3940  0.6409 401.0000 
 0.4263  0.6567 638.0000 
 0.5688  0.6401 603.0000 
 0.2837  0.6525 423.0000 
 0.1625  0.6143 363.0000 
 0.1227  0.6832 546.0000 
 0.2030  0.6466 532.0000 
 0.0067  0.6526 449.0000 
 0.8171  0.6443 596.0000 
 0.7610  0.6491 456.0000 
 0.8813  0.6197 497.0000 
 0.9185  0.6658 368.0000 
 0.8357  0.6071 420.0000 
 0.2033  0.6706 428.0000 
 0.0597  0.6546 469.0000 
 0.0542  0.6817 443.0000 
 0.0644  0.6567 466.0000 
 0.0161  0.6959 434.0000 
 0.0585  0.5714 427.0000 
 0.0275  0.6284 436.0000 
 0.0857  0.7232 607.0000 
 0.0017  0.6667 579.0000 
 0.0020  0.7122 490.0000 
 0.0033  0.6748 615.0000 
 0.1202  0.6633 499.0000 
 0.0066  0.6718 457.0000 
 0.0171  0.6471 527.0000 
 0.1343  0.4030 268.0000 
 0.0535  0.5288 486.0000 
 0.0076  0.6813 659.0000 
 0.0089  0.6661 563.0000 
 0.0071  0.6394 563.0000 
 0.0021  0.7082 466.0000 
 0.0238  0.6599 294.0000 
 0.0179  0.6624 391.0000 
 0.0893  0.6863 459.0000 
 0.0035  0.7215 578.0000 
 0.1548  0.6566 562.0000 
 0.0825  0.6675 424.0000 
 0.5732  0.7049 471.0000 
 0.4358  0.6655 296.0000 
 0.0234  0.7558 385.0000 
 0.4850  0.6834 499.0000 
 0.9719  0.5638 392.0000 
 0.9966  0.6310 290.0000 
 0.1133  0.5566 309.0000 
 0.1738  0.5970 397.0000 
 0.1927  0.5978 358.0000 
 0.2552  0.5938 192.0000 
 0.8824  0.5931 408.0000 
 0.9172  0.5394 495.0000 
 0.8017  0.6034 237.0000 
 0.7303  0.6685 356.0000 
 0.7191  0.5874 509.0000 
 0.8623  0.6053 494.0000 
 0.9841  0.5085 820.0000 
 0.8923  0.6027 297.0000 
 0.4497  0.6805 338.0000 
 0.6940  0.6441 562.0000 
 0.4742  0.6439 542.0000 
 0.3905  0.6746 461.0000 
 0.8543  0.5137 693.0000 
 0.1203  0.7440 582.0000 
 0.0406  0.6930 443.0000 
 0.0825  0.6616 594.0000 
 0.1215  0.7103 535.0000 
 0.1677  0.6456 316.0000 
 0.6013  0.6078 612.0000 
 0.0843  0.6538 439.0000 
 0.4558  0.4970 656.0000 
 0.6332  0.6921 747.0000 
 0.1269  0.7159 528.0000 
 0.0280  0.7319 429.0000 
 0.2927  0.7026 844.0000 
 0.0150  0.7045 802.0000 
 0.0313  0.6885 671.0000 
 0.0153  0.6667 654.0000 
 0.0128  0.7000 390.0000 
 0.0158  0.6598 632.0000 
 0.2109  0.6260 754.0000 
 0.0037  0.6230 801.0000 
 0.2766  0.6282 987.0000 
 0.0090  0.5972 782.0000 
 0.0549  0.6451 820.0000 
 0.9895  0.6340 571.0000 
 0.2484  0.6667 153.0000 
 0.9654  0.6667 636.0000 
 0.9202  0.6311 965.0000 
 0.6224  0.6380 384.0000 
 0.5587  0.6844 358.0000 
 0.0233  0.6089 514.0000 
 0.2668  0.6299 581.0000 
 0.3989  0.6673 559.0000 
 0.1599  0.7050 444.0000 
 0.5736  0.6233 645.0000 
 0.0949  0.6481 432.0000 
 0.0271  0.7269 443.0000 
 0.6872  0.5186 617.0000 
 0.2274  0.6327 343.0000 
 0.5588  0.7124 306.0000 
 0.9021  0.6538 572.0000 
 0.6483  0.6606 327.0000 
 0.6895  0.6316 570.0000 
 0.9930  0.6564 713.0000 
 0.4895  0.6888 617.0000 
 0.7697  0.6660 482.0000 
 0.9432  0.6888 739.0000 
 0.4750  0.7077 520.0000 
 0.9720  0.6522 785.0000 
 0.8031  0.6711 447.0000 
 0.9579  0.6386 642.0000 
 0.9985  0.6894 689.0000 
 0.9201  0.6396 738.0000 
 0.7946  0.7046 589.0000 
 0.9365  0.7027 693.0000 
 0.0000  0.6853 556.0000 
 0.0049  0.7374 617.0000 
 0.0000  0.7504 565.0000 
 0.0054  0.7366 372.0000 
 0.0037  0.7495 543.0000 
 0.0018  0.7460 559.0000 
 0.0000  0.7328 494.0000 
 0.0127  0.7085 710.0000 
 0.2512  0.6517 422.0000 
 0.0521  0.7830 576.0000 
 0.0663  0.6126 1931.0000 
 0.0118  0.6731 1352.0000 
 0.0347  0.7073 779.0000 
 0.0226  0.7160 972.0000 
 0.0101  0.6983 991.0000 
 0.0522  0.7151 1513.0000 
 0.0485  0.7112 1423.0000 
 0.7600  0.5192 1304.0000 
 0.5941  0.6135 877.0000 
 0.5219  0.5439 1048.0000 
 0.7183  0.6261 1150.0000 
 0.6842  0.6035 1029.0000 
 0.9940  0.5048 840.0000 
 0.9916  0.4972 714.0000 
 0.7303  0.5561 838.0000 
 0.7745  0.5423 887.0000 
 0.7685  0.5585 743.0000 
 0.9927  0.5639 548.0000 
 0.6976  0.5789 1273.0000 
 0.6496  0.6116 1210.0000 
 0.9183  0.6009 1065.0000 
 0.0714  0.6877 967.0000 
 0.3837  0.6504 675.0000 
 0.1211  0.6295 421.0000 
 0.2911  0.6152 395.0000 
 0.2175  0.7024 662.0000 
 0.2503  0.6518 899.0000 
 0.0109  0.7645 1469.0000 
 0.0175  0.6536 1146.0000 
 0.0837  0.6482 1171.0000 
 0.1358  0.6677 1237.0000 
 0.0031  0.7512 1600.0000 
 0.0059  0.7675 1527.0000 
 0.0123  0.7054 896.0000 
 0.0073  0.6961 1372.0000 
 0.1071  0.6844 1616.0000 
 0.0011  0.6656 921.0000 
 0.0030  0.7082 1645.0000 
 0.0115  0.6943 870.0000 
 0.0133  0.7092 901.0000 
 0.0638  0.7038 1239.0000 
 0.0594  0.6838 1145.0000 
 0.2132  0.7631 1224.0000 
 0.0077  0.7133 1172.0000 
 0.0094  0.6906 1060.0000 
 0.0201  0.7409 745.0000 
 0.0147  0.7472 1424.0000 
 0.0481  0.6781 873.0000 
 0.0518  0.6774 868.0000 
 0.0027  0.7022 742.0000 
 0.0224  0.7294 850.0000 
 0.0560  0.7080 500.0000 
 0.0045  0.7352 1118.0000 
 0.9744  0.5539 547.0000 
 0.9489  0.5237 802.0000 
 0.1982  0.5802 898.0000 
 0.1040  0.5810 654.0000 
 0.2539  0.5610 508.0000 
 0.9940  0.5777 997.0000 
 0.9870  0.5346 1459.0000 
 0.9925  0.5435 1196.0000 
 0.0015  0.7034 1305.0000 
 0.0083  0.7312 1209.0000 
 0.0342  0.6963 1169.0000 
 0.2083  0.6164 816.0000 
 0.0440  0.7387 796.0000 
 0.3054  0.8691 573.0000 
 0.5483  0.8524 569.0000 
 0.6104  0.8394 847.0000 
 0.0000  0.7353 34.0000 
 0.0000  0.7333 90.0000 
 0.0163  0.8130 1353.0000 
 0.0303  0.8084 1848.0000 
 0.0903  0.7843 1108.0000 
 0.2210  0.7900 638.0000 
 0.7439  0.6768 164.0000 
 0.0000  0.6444 45.0000 
 0.4279  0.8380 673.0000 
 0.1511  0.8044 225.0000 
 0.2424  0.7858 1634.0000 
 0.2543  0.7201 1211.0000 
 0.1248  0.7046 633.0000 
 0.0358  0.6457 1397.0000 
 0.3453  0.6828 1031.0000 
 0.0260  0.7268 538.0000 
 0.3875  0.7969 320.0000 
 0.4713  0.8280 157.0000 
 0.2373  0.8305 59.0000 
 0.6923  0.7315 663.0000 
 0.4599  0.7445 137.0000 
 0.5390  0.7858 551.0000 
 0.3189  0.8442 969.0000 
 0.2951  0.8033 61.0000 
 0.8333  0.7763 684.0000 
 0.3047  0.8125 128.0000 
 0.0539  0.8144 167.0000 
 0.0677  0.7834 517.0000 
 0.1355  0.8040 1306.0000 
 0.1937  0.8571 511.0000 
 0.3945  0.8333 768.0000 
 0.7625  0.7606 1562.0000 
 0.1342  0.8002 1006.0000 
 0.1708  0.8342 404.0000 
 0.0833  0.8062 516.0000 
 1.0000  0.7729 1233.0000 
 0.1780  0.8367 1837.0000 
 0.4725  0.8303 218.0000 
 0.1177  0.8716 654.0000 
 0.6106  0.5314 303.0000 
 0.9907  0.5424 968.0000 
 0.9970  0.5851 670.0000 
 0.6941  0.4571 595.0000 
 0.7295  0.4541 207.0000 
 0.1994  0.5622 667.0000 
 0.1430  0.6225 853.0000 
 0.1771  0.5549 638.0000 
 0.1098  0.6801 747.0000 
 0.1311  0.6787 305.0000 
 0.0037  0.7528 817.0000 
 0.1353  0.6503 998.0000 
 0.9820  0.5128 665.0000 
 0.1017  0.6105 688.0000 
 0.0277  0.7177 829.0000 
 0.2514  0.7034 1635.0000 
 0.2687  0.6470 1269.0000 
 0.0223  0.6727 1164.0000 
 0.0421  0.6869 214.0000 
 0.9727  0.5830 1427.0000 
 0.0524  0.5645 1031.0000 
 0.9779  0.5657 997.0000 
 0.9848  0.5357 1122.0000 
 0.9865  0.5270 518.0000 
 0.9817  0.5298 655.0000 
 0.7394  0.5748 1270.0000 
 0.0551  0.6146 563.0000 
 0.9927  0.5510 686.0000 
 0.0117  0.6484 1115.0000 
 0.0175  0.6477 457.0000 
 0.0676  0.5813 1199.0000 
 0.6737  0.3172 662.0000 
 0.9406  0.3531 320.0000 
 0.0259  0.6892 888.0000 
 0.1677  0.6040 495.0000 
 0.0886  0.5506 158.0000 
 0.0740  0.7340 500.0000 
 0.0934  0.7830 696.0000 
 0.0000  0.7448 145.0000 
 0.1396  0.6895 351.0000 
 0.0000  0.6923 156.0000 
 0.1192  0.7617 193.0000 
 0.5062  0.6459 723.0000 
 0.5743  0.7020 1010.0000 
 0.2138  0.6586 290.0000 
 0.0303  0.7533 758.0000 
 0.0510  0.8074 353.0000 
 0.5875  0.7625 80.0000 
 0.0198  0.7975 405.0000 
 0.0000  0.7291 203.0000 
 0.9902  0.7059 306.0000 
 0.1033  0.7122 271.0000 
 0.0036  0.7482 274.0000 
 0.0222  0.7202 361.0000 
 0.0124  0.6667 402.0000 
 0.0096  0.6178 416.0000 
 0.0000  0.6649 379.0000 
 0.0000  0.7314 283.0000 
 0.0000  0.6524 164.0000 
 0.0000  0.7128 289.0000 
 0.0000  0.6775 524.0000 
 0.0000  0.7703 222.0000 
 0.0000  0.7926 704.0000 
 0.0542  0.6506 498.0000 
 0.5761  0.6033 184.0000 
 0.1743  0.7467 304.0000 
 0.0000  0.6774 499.0000 
 0.0058  0.7630 173.0000 
 0.0000  0.7184 103.0000 
 0.0000  0.4318 132.0000 
 0.0000  0.5856 181.0000 
 0.9948  0.6742 574.0000 
 0.1485  0.6671 808.0000 
 0.2992  0.5255 1728.0000 
 0.0653  0.6239 1332.0000 
 0.0145  0.7256 1516.0000 
 0.3993  0.5344 829.0000 
 0.1367  0.5396 278.0000 
 0.3359  0.5589 1036.0000 
 0.0202  0.6403 1240.0000 
 0.2711  0.5226 664.0000 
 0.0257  0.6405 1399.0000 
 0.0848  0.6329 1580.0000 
 0.1959  0.6357 689.0000 
 0.0917  0.5505 109.0000 
 0.0028  0.5918 708.0000 
 0.0000  0.6059 505.0000 
 0.0027  0.5984 371.0000 
 0.0035  0.6312 282.0000 
 0.0044  0.6793 2039.0000 
 0.2063  0.5504 1052.0000 
 0.0039  0.6233 1277.0000 
 0.0014  0.6610 705.0000 
 0.0388  0.6375 902.0000 
 0.0238  0.6245 799.0000 
 0.0106  0.6308 1040.0000 
 0.0131  0.7680 306.0000 
 0.0000  0.6190 168.0000 
 0.0052  0.7135 192.0000 
 0.1369  0.5703 263.0000 
 0.0060  0.7628 666.0000 
 0.0000  0.7154 130.0000 
 0.0000  0.6100 1323.0000 
 0.0025  0.6732 407.0000 
 0.0125  0.6552 638.0000 
 0.0025  0.7032 785.0000 
 0.0000  0.5259 386.0000 
 0.0050  0.7132 401.0000 
 0.0452  0.6243 354.0000 
 0.0276  0.6690 290.0000 
 0.0535  0.7051 729.0000 
 0.0769  0.6697 221.0000 
 0.1253  0.7253 495.0000 
 0.1525  0.6921 354.0000 
 0.7847  0.7007 274.0000 
 0.3355  0.8000 155.0000 
 0.7267  0.4707 461.0000 
 0.4932  0.6878 221.0000 
 0.9964  0.7384 558.0000 
 0.4344  0.6903 465.0000 
 0.0920  0.6252 739.0000 
 0.0000  0.6781 146.0000 
 0.1039  0.5974 231.0000 
 0.6090  0.5081 555.0000 
 0.0180  0.7815 833.0000 
 0.0500  0.7281 320.0000 
 0.3612  0.6388 227.0000 
 0.1636  0.7081 483.0000 
 0.7397  0.6973 968.0000 
 0.6875  0.6283 304.0000 
 0.7910  0.5684 1330.0000 
 0.1006  0.7002 507.0000 
 0.0251  0.7197 239.0000 
 0.0461  0.7270 304.0000 
 0.0266  0.7590 527.0000 
 0.2595  0.7044 971.0000 
 0.2153  0.7021 339.0000 
 0.6481  0.4367 719.0000 
 0.0973  0.7014 740.0000 
 0.0509  0.7608 393.0000 
 0.2276  0.7069 290.0000 
 0.2637  0.7041 838.0000 
 0.3220  0.7268 410.0000 
 0.1895  0.7117 496.0000 
 0.3929  0.8333 84.0000 
 0.0400  0.6960 250.0000 
 0.0214  0.6898 187.0000 
 0.0000  0.6087 23.0000 
 0.2625  0.6306 777.0000 
 0.0000  0.7008 127.0000 
 0.0000  0.6964 56.0000 
 0.0000  0.7183 213.0000 
 0.0000  0.6190 84.0000 
 0.0000  0.5595 395.0000 
 0.0000  0.5993 292.0000 
 0.0000  0.7093 86.0000 
 0.1391  0.6403 417.0000 
 0.3377  0.7403 231.0000 
 0.0000  0.6395 663.0000 
 0.2255  0.7000 550.0000 
 0.0046  0.7229 433.0000 
 0.1167  0.6750 240.0000 
 0.0000  0.7347 147.0000 
 0.0000  0.7359 231.0000 
 0.1476  0.7035 752.0000 
 0.0000  0.9429 35.0000 
 0.6448  0.6906 808.0000 
 0.1404  0.7366 634.0000 
 0.0345  0.7625 1103.0000 
 0.0000  0.6673 565.0000 
 0.0000  0.7625 379.0000 
 0.0000  0.6279 43.0000 
 0.0528  0.6643 417.0000 
 0.0126  0.7445 317.0000 
 0.0046  0.7763 219.0000 
 0.3118  0.7421 667.0000 
 0.0000  0.7622 143.0000 
 0.0000  0.7548 155.0000 
 0.4308  0.7749 1026.0000 
 0.2071  0.7605 309.0000 
 0.0000  0.7500 108.0000 
 0.0000  0.7947 151.0000 
 0.0000  0.6981 106.0000 
 0.0600  0.7600 50.0000 
 0.0040  0.7282 1008.0000 
 0.0000  0.7636 884.0000 
 0.0000  0.7846 1049.0000 
 0.0013  0.7863 744.0000 
 0.0000  0.7694 1214.0000 
 0.0000  0.7825 722.0000 
 0.0000  0.7807 1655.0000 
 0.0091  0.7228 1324.0000 
 0.0000  0.7864 660.0000 
 0.0000  0.7872 1278.0000 
 0.0000  0.8130 385.0000 
 0.0017  0.5383 600.0000 
 0.0010  0.7219 971.0000 
 0.0000  0.8184 534.0000 
 0.0000  0.7645 310.0000 
 0.0010  0.7549 1020.0000 
 0.0000  0.7034 1541.0000 
 0.0000  0.7347 539.0000 
 0.0000  0.7720 1412.0000 
 0.0000  0.7673 1478.0000 
 0.0000  0.7759 1169.0000 
 0.0008  0.7512 1222.0000 
 0.0000  0.7619 1155.0000 
 0.0006  0.7457 1616.0000 
 0.1629  0.6873 1209.0000 
 0.0831  0.7437 2021.0000 
 0.0013  0.7634 2308.0000 
 0.1965  0.6680 1964.0000 
 0.0095  0.7434 838.0000 
 0.2909  0.6747 1774.0000 
 0.0000  0.7088 285.0000 
 0.0625  0.6858 1776.0000 
 0.3831  0.6814 295.0000 
 0.0000  0.6667 354.0000 
 0.0015  0.6886 668.0000 
 0.0867  0.6828 911.0000 
 0.9310  0.6695 478.0000 
 0.4170  0.7942 554.0000 
 0.4143  0.7360 572.0000 
 0.5468  0.7172 534.0000 
 0.1960  0.7734 653.0000 
 0.0082  0.7022 366.0000 
 0.2169  0.7583 604.0000 
 0.0107  0.7630 751.0000 
 0.3682  0.7707 785.0000 
 0.0169  0.6478 829.0000 
 0.0418  0.6402 1434.0000 
 0.0375  0.6210 1306.0000 
 0.0412  0.6648 1044.0000 
 0.1436  0.7188 1024.0000 
 0.5258  0.6996 679.0000 
 0.0708  0.7029 791.0000 
 0.1921  0.7454 656.0000 
 0.0061  0.6723 653.0000 
 0.0184  0.7379 599.0000 
 0.5926  0.6556 540.0000 
 0.3563  0.6981 828.0000 
 0.3892  0.6837 686.0000 
 0.3755  0.7097 775.0000 
 0.4767  0.7253 688.0000 
 0.3272  0.7541 492.0000 
 0.5686  0.7145 802.0000 
 0.0059  0.8119 505.0000 
 0.0057  0.7824 524.0000 
 0.0158  0.7373 316.0000 
 0.5945  0.6735 291.0000 
 0.6652  0.7031 448.0000 
 0.5897  0.6783 429.0000 
 0.0120  0.7645 501.0000 
 0.0229  0.7523 436.0000 
 0.0269  0.7339 669.0000 
 0.0161  0.6982 560.0000 
 0.4337  0.8097 641.0000 
 0.5389  0.7586 642.0000 
 0.5817  0.7880 698.0000 
 0.5787  0.7800 591.0000 
 0.7269  0.7055 703.0000 
 0.6078  0.7235 510.0000 
 0.5616  0.7029 552.0000 
 0.6091  0.6711 596.0000 
 0.7326  0.6964 662.0000 
 0.5848  0.6953 407.0000 
 0.3070  0.7982 228.0000 
 0.0847  0.8163 980.0000 
 0.2998  0.7605 597.0000 
 0.8191  0.7588 199.0000 
 0.1990  0.8510 819.0000 
 0.1544  0.8745 829.0000 
 0.1895  0.8946 702.0000 
 0.1277  0.8766 924.0000 
 0.9770  0.7708 999.0000 
 0.0778  0.7795 848.0000 
 0.0016  0.8562 626.0000 
 0.5556  0.7657 414.0000 
 0.6984  0.6635 630.0000 
 0.6567  0.7348 705.0000 
 0.9422  0.8548 744.0000 
 0.7311  0.7851 833.0000 
 0.7536  0.8082 1100.0000 
 0.7255  0.8142 969.0000 
 0.3162  0.8291 1287.0000 
 0.3373  0.8328 1011.0000 
 0.9306  0.7791 1254.0000 
 0.8922  0.8066 1494.0000 
 0.0000  0.8941 85.0000 
 0.5657  0.7187 1909.0000 
 0.4339  0.7081 908.0000 
 0.1883  0.7863 1699.0000 
 0.8653  0.6239 1425.0000 
 0.1156  0.6516 1774.0000 
 0.5187  0.5719 1654.0000 
 0.2904  0.6125 1515.0000 
 0.2608  0.6157 1223.0000 
 0.0955  0.6198 2041.0000 
 0.0879  0.6315 1639.0000 
 0.0503  0.6219 1153.0000 
 0.0554  0.6521 1535.0000 
 0.8984  0.7270 630.0000 
 0.7228  0.7692 754.0000 
 0.5550  0.7432 627.0000 
 0.7190  0.7723 918.0000 
 0.6171  0.7410 363.0000 
 0.1498  0.7854 247.0000 
 0.9479  0.7106 978.0000 
 0.1061  0.7776 490.0000 
 0.7691  0.7213 628.0000 
 0.1449  0.8146 1408.0000 
 0.6274  0.7055 730.0000 
 0.0198  0.8435 607.0000 
 0.4242  0.7362 686.0000 
 0.2136  0.7735 543.0000 
 0.6978  0.7055 781.0000 
 0.3536  0.8044 823.0000 
 0.0482  0.7992 747.0000 
 0.9831  0.6993 592.0000 
 0.3583  0.8111 307.0000 
 0.3640  0.7591 577.0000 
 0.3122  0.7305 820.0000 
 0.7689  0.7075 636.0000 
 0.4227  0.7120 809.0000 
 0.2065  0.7375 339.0000 
 0.9449  0.7455 617.0000 
 0.1499  0.7751 507.0000 
 0.9895  0.7158 95.0000 
 0.3069  0.7650 919.0000 
 0.9434  0.6639 1202.0000 
 0.7093  0.7862 767.0000 
 0.2136  0.7306 412.0000 
 0.1244  0.7889 611.0000 
 0.3283  0.8675 332.0000 
 0.0935  0.6840 674.0000 
 0.9119  0.8610 295.0000 
 0.6456  0.8671 316.0000 
 0.2427  0.8285 379.0000 
 0.3043  0.7065 184.0000 
 0.1752  0.7621 782.0000 
 0.2547  0.7288 424.0000 
 0.0883  0.8039 872.0000 
 0.4017  0.8010 804.0000 
 0.0920  0.6538 728.0000 
 0.2092  0.8497 153.0000 
 0.7183  0.7511 458.0000 
 0.2870  0.7896 575.0000 
 0.5329  0.7277 683.0000 
 0.0000  0.7887 994.0000 
 0.2606  0.7902 1082.0000 
 0.1712  0.8077 520.0000 
 0.5537  0.6840 307.0000 
 0.2340  0.7660 188.0000 
 0.6581  0.8632 234.0000 
 0.9670  0.6701 394.0000 
 0.1681  0.6667 714.0000 
 0.0060  0.8383 167.0000 
 0.2267  0.7733 75.0000 
 0.2259  0.7300 363.0000 
 0.2571  0.8617 564.0000 
 0.5736  0.7259 1182.0000 
 0.3237  0.7729 207.0000 
 0.1632  0.8996 239.0000 
 0.1648  0.9326 267.0000 
 0.3147  0.8462 143.0000 
 0.8429  0.8639 191.0000 
 0.9268  0.8659 164.0000 
 0.4035  0.7820 679.0000 
 0.0175  0.7619 630.0000 
 0.3450  0.7430 1000.0000 
 0.2779  0.6777 788.0000 
 0.2151  0.7413 344.0000 
 0.0644  0.7331 637.0000 
 0.0029  0.8187 1037.0000 
 0.2994  0.7831 885.0000 
 0.0450  0.7630 844.0000 
 0.8203  0.7759 879.0000 
 0.5720  0.7171 820.0000 
 0.0274  0.8493 292.0000 
 0.0445  0.7529 607.0000 
 0.0034  0.8014 589.0000 
 0.7798  0.7632 604.0000 
 0.0078  0.7907 129.0000 
 0.6252  0.7605 643.0000 
 0.1582  0.6913 392.0000 
 0.0000  0.6611 180.0000 
 0.2956  0.6333 619.0000 
 0.4541  0.5844 806.0000 
 0.0000  0.7095 568.0000 
 0.9637  0.6758 799.0000 
 0.4494  0.6660 979.0000 
 0.9609  0.7177 921.0000 
 0.6100  0.6120 1000.0000 
 0.2417  0.6481 1026.0000 
 0.0143  0.7714 70.0000 
 0.1272  0.6517 692.0000 
 0.5048  0.8548 420.0000 
 0.2841  0.7354 359.0000 
 0.1813  0.7402 739.0000 
 0.3522  0.7134 1005.0000 
 0.0000  0.4283 502.0000 
 0.0000  0.7236 123.0000 
 0.0000  0.7720 943.0000 
 0.2386  0.8257 1027.0000 
 0.1884  0.7841 1019.0000 
 0.1128  0.8137 966.0000 
 0.0816  0.8544 625.0000 
 0.1344  0.8018 439.0000 
 0.1295  0.8192 1228.0000 
 0.3077  0.7517 1027.0000 
 0.5845  0.8116 568.0000 
 0.9652  0.8152 1093.0000 
 0.6998  0.7400 573.0000 
 0.0677  0.7379 931.0000 
 0.0371  0.8213 431.0000 
 0.0911  0.7250 1218.0000 
 0.0928  0.8104 517.0000 
 0.3180  0.5898 607.0000 
 0.3333  0.6226 522.0000 
 0.3014  0.5595 899.0000 
 0.3956  0.6684 953.0000 
 0.4711  0.7356 658.0000 
 0.7656  0.7092 337.0000 
 0.0404  0.7677 99.0000 
 0.3586  0.7193 488.0000 
 0.6740  0.6070 1089.0000 
 0.6255  0.6235 996.0000 
 0.1108  0.7011 659.0000 
 0.1334  0.7211 667.0000 
 0.2637  0.7229 967.0000 
 0.7208  0.5937 795.0000 
 0.2504  0.6922 1254.0000 
 0.1882  0.7840 574.0000 
 0.4667  0.7244 900.0000 
 0.0366  0.7128 766.0000 
 0.0110  0.6882 728.0000 
 0.1636  0.6902 978.0000 
 0.6291  0.6765 844.0000 
 0.4929  0.6662 704.0000 
 0.3320  0.6518 494.0000 
 0.4222  0.7066 559.0000 
 0.6492  0.6131 305.0000 
 0.1545  0.7303 330.0000 
 0.1738  0.6556 961.0000 
 0.2629  0.6130 951.0000 
 0.0883  0.6772 793.0000 
 0.0805  0.7203 783.0000 
 0.0725  0.7077 869.0000 
 0.0408  0.6738 515.0000 
 0.9369  0.7117 333.0000 
 0.0151  0.7052 926.0000 
 0.0774  0.5941 478.0000 
 0.8125  0.6819 896.0000 
 0.0272  0.6535 1694.0000 
 0.1714  0.6017 1062.0000 
 0.0096  0.6475 1461.0000 
 0.1131  0.5700 928.0000 
 0.5668  0.7759 928.0000 
 0.5619  0.7655 904.0000 
 0.1737  0.6901 426.0000 
 0.1441  0.7006 354.0000 
 0.1030  0.7097 913.0000 
 0.0294  0.7474 851.0000 
 0.0442  0.6904 927.0000 
 0.0000  0.7367 961.0000 
 0.0000  0.7446 928.0000 
 0.2239  0.8620 326.0000 
 0.2068  0.6920 880.0000 
 0.1337  0.7252 808.0000 
 0.0000  0.7219 525.0000 
 0.4668  0.6756 632.0000 
 0.0164  0.6762 1158.0000 
 0.0072  0.6798 559.0000 
 0.0000  0.6773 533.0000 
 0.1568  0.6556 1295.0000 
 0.1185  0.6378 1317.0000 
 0.6679  0.6014 557.0000 
 0.6265  0.6265 498.0000 
 0.0453  0.7160 486.0000 
 0.0081  0.6813 1114.0000 
 0.0031  0.6917 960.0000 
 0.0205  0.6410 195.0000 
 0.1108  0.7111 668.0000 
 0.0656  0.6368 625.0000 
 0.0199  0.5672 1860.0000 
 0.0337  0.5578 1782.0000 
 0.0506  0.6493 1266.0000 
 0.0331  0.6505 1299.0000 
 0.0038  0.6390 1820.0000 
 0.0066  0.6452 1674.0000 
 0.1131  0.7527 283.0000 
 0.0099  0.5699 1209.0000 
 0.0016  0.7085 614.0000 
 0.0000  0.7727 616.0000 
 0.0000  0.7470 593.0000 
 0.1678  0.6711 298.0000 
 0.0000  0.7167 120.0000 
 0.0000  0.7296 577.0000 
 0.0000  0.6859 831.0000 
 0.0000  0.6878 836.0000 
 0.0000  0.6873 371.0000 
 0.2489  0.7183 916.0000 
 0.1916  0.7520 762.0000 
 0.3402  0.7035 823.0000 
 0.3068  0.6858 678.0000 
 0.0041  0.7546 489.0000 
 0.0000  0.7807 424.0000 
 0.0975  0.6667 831.0000 
 0.0416  0.6312 1540.0000 
 0.0332  0.6634 1444.0000 
 0.0316  0.6557 854.0000 
 0.0292  0.5870 925.0000 
 0.0853  0.6197 1712.0000 
 0.0656  0.6172 1570.0000 
 0.0117  0.7017 1029.0000 
 0.0116  0.6728 1033.0000 
 0.0096  0.6363 1141.0000 
 0.0105  0.6835 1052.0000 
 0.0209  0.6415 622.0000 
 0.0064  0.6216 621.0000 
 0.0165  0.6702 667.0000 
 0.0051  0.6858 592.0000 
 0.1558  0.6398 1688.0000 
 0.0331  0.7017 724.0000 
 0.0248  0.7276 525.0000 
 0.3772  0.5618 753.0000 
 0.4131  0.6757 811.0000 
 0.2667  0.6259 1350.0000 
 0.2878  0.6353 754.0000 
 0.3000  0.6078 770.0000 
 0.0042  0.7104 946.0000 
 0.0741  0.6723 1782.0000 
 0.0700  0.6422 1143.0000 
 0.0240  0.7021 584.0000 
 0.0129  0.6429 2319.0000 
 0.1567  0.6556 900.0000 
 0.1541  0.7096 785.0000 
 0.1031  0.6429 1445.0000 
 0.0342  0.8290 848.0000 
 0.1034  0.7261 1044.0000 
 0.6532  0.7298 1136.0000 
 0.6443  0.6895 686.0000 
 0.1671  0.7430 856.0000 
 0.4402  0.6495 368.0000 
 0.0768  0.7399 742.0000 
 0.2665  0.6705 349.0000 
 0.6000  0.6642 405.0000 
 0.5338  0.6518 1169.0000 
 0.0611  0.7137 786.0000 
 0.3795  0.7108 996.0000 
 0.5588  0.6324 680.0000 
 0.5034  0.6797 743.0000 
 0.5542  0.6568 1052.0000 
 0.1074  0.6704 270.0000 
 0.3285  0.7202 554.0000 
 0.3266  0.6386 689.0000 
 0.0000  0.6539 419.0000 
 0.0193  0.7246 207.0000 
 0.4523  0.6515 241.0000 
 0.0053  0.7385 566.0000 
 0.0449  0.7005 1449.0000 
 0.2944  0.6121 642.0000 
 0.5810  0.7712 389.0000 
 0.1954  0.6593 1315.0000 
 0.1534  0.6713 1141.0000 
 0.1807  0.7165 642.0000 
 0.1215  0.7797 708.0000 
 0.0982  0.7198 621.0000 
 0.1114  0.7722 395.0000 
 0.1296  0.7144 949.0000 
 0.0940  0.7084 926.0000 
 0.0396  0.7461 1087.0000 
 0.8289  0.5526 637.0000 
 0.8078  0.5373 510.0000 
 0.2184  0.7022 1209.0000 
 0.5527  0.5840 1149.0000 
 0.6117  0.6186 1164.0000 
 0.0842  0.6900 713.0000 
 0.1285  0.7514 358.0000 
 0.2099  0.6876 829.0000 
 0.5013  0.6391 399.0000 
 0.3777  0.6752 548.0000 
 0.2886  0.6789 492.0000 
 0.0445  0.6161 831.0000 
 0.0502  0.5746 757.0000 
 0.2659  0.6103 331.0000 
 0.0246  0.7577 487.0000 
 0.2317  0.6508 859.0000 
 0.2231  0.6308 780.0000 
 0.0866  0.6784 1536.0000 
 0.0014  0.7673 709.0000 
 0.1607  0.6141 666.0000 
 0.1865  0.6686 697.0000 
 0.1403  0.6922 1176.0000 
 0.0633  0.7209 774.0000 
 0.0690  0.6584 928.0000 
 0.0010  0.7478 1019.0000 
 0.0013  0.7085 741.0000 
 0.0378  0.7331 873.0000 
 0.2959  0.6837 98.0000 
 0.3058  0.7302 278.0000 
 0.0094  0.7170 106.0000 
 0.8098  0.7659 205.0000 
 0.7960  0.7388 402.0000 
 0.3260  0.7179 273.0000 
 0.1435  0.6944 216.0000 
 0.0703  0.7260 427.0000 
 0.3778  0.6472 360.0000 
 0.1821  0.7253 324.0000 
 0.9561  0.5916 524.0000 
 0.2778  0.7302 126.0000 
 0.4098  0.6391 471.0000 
 0.7262  0.5476 84.0000 
 0.5679  0.5819 287.0000 
 0.9860  0.5994 357.0000 
 0.3482  0.7428 626.0000 
 0.1025  0.7662 693.0000 
 0.1275  0.7557 659.0000 
 0.4855  0.7282 379.0000 
 0.5662  0.7243 544.0000 
 0.0121  0.7022 742.0000 
 0.0199  0.6870 853.0000 
 0.0076  0.7210 656.0000 
 0.0672  0.6878 551.0000 
 0.1333  0.7481 405.0000 
 0.0169  0.7978 826.0000 
 0.0197  0.7346 712.0000 
 0.0030  0.7583 997.0000 
 0.0056  0.7410 892.0000 
 0.0197  0.7536 763.0000 
 0.0525  0.7550 743.0000 
 0.0076  0.6041 394.0000 
 0.1849  0.6671 703.0000 
 0.7778  0.6889 495.0000 
 0.0818  0.7488 844.0000 
 0.0150  0.7483 731.0000 
 0.0290  0.6594 138.0000 
 0.0152  0.6692 396.0000 
 0.0123  0.6481 486.0000 
 0.7151  0.6195 1046.0000 
 0.8095  0.5952 924.0000 
 0.1158  0.6590 786.0000 
 0.0064  0.7681 621.0000 
 0.0221  0.6987 634.0000 
 0.0397  0.7152 453.0000 
 0.0689  0.6778 450.0000 
 0.1798  0.6124 356.0000 
 0.1229  0.6914 781.0000 
 0.0345  0.7328 580.0000 
 0.6472  0.6743 479.0000 
 0.0191  0.7709 838.0000 
 0.4076  0.5949 395.0000 
 0.4699  0.6718 515.0000 
 0.5318  0.7013 472.0000 
 0.0152  0.7304 920.0000 
 0.0483  0.6483 290.0000 
 0.1481  0.6494 1161.0000 
 0.0802  0.6981 212.0000 
 0.0329  0.6105 516.0000 
 0.1582  0.6527 910.0000 
 0.0000  0.6446 166.0000 
 0.0050  0.7309 799.0000 
 0.0116  0.7468 778.0000 
 0.0103  0.6276 580.0000 
 0.0444  0.6960 1013.0000 
 0.0000  0.7317 123.0000 
 0.0018  0.5671 559.0000 
 0.2035  0.6977 688.0000 
 0.2643  0.7001 787.0000 
 0.0000  0.7080 880.0000 
 0.0000  0.6755 604.0000 
 0.0000  0.6955 404.0000 
 0.0000  0.6684 187.0000 
 0.0106  0.7482 282.0000 
 0.4467  0.7206 544.0000 
 0.7675  0.6677 671.0000 
 0.1067  0.8800 75.0000 
 0.1627  0.6938 209.0000 
 0.1489  0.7234 470.0000 
 0.0040  0.7909 746.0000 
 0.0110  0.7592 818.0000 
 0.4305  0.7451 820.0000 
 0.0654  0.8497 306.0000 
 0.0029  0.7898 685.0000 
 0.7500  0.7198 696.0000 
 0.7143  0.7341 455.0000 
 0.3464  0.7843 918.0000 
 0.0179  0.8304 448.0000 
 0.2636  0.7560 918.0000 
 0.1771  0.8171 350.0000 
 0.4774  0.6935 199.0000 
 0.0037  0.7310 539.0000 
 0.1590  0.7578 805.0000 
 0.1714  0.7571 700.0000 
 0.1052  0.7710 751.0000 
 0.2994  0.7665 334.0000 
 0.0636  0.7506 802.0000 
 0.5416  0.7105 373.0000 
 0.1051  0.7575 1208.0000 
 0.0354  0.8051 395.0000 
 0.1687  0.7731 498.0000 
 0.0000  0.7343 463.0000 
 0.0000  0.7261 723.0000 
 0.3584  0.7319 332.0000 
 0.4107  0.7381 168.0000 
 0.9911  0.7191 559.0000 
 0.0900  0.7900 100.0000 
 0.1081  0.7117 222.0000 
 0.0081  0.7903 496.0000 
 0.0655  0.7817 458.0000 
 0.2692  0.7797 286.0000 
 0.1532  0.7696 790.0000 
 0.0078  0.7739 774.0000 
 0.0000  0.7873 221.0000 
 0.0270  0.7342 222.0000 
 0.0710  0.8226 310.0000 
 0.0189  0.8302 159.0000 
 0.0382  0.7357 681.0000 
 0.0452  0.7806 155.0000 
 0.0231  0.7432 997.0000 
 0.0477  0.8289 818.0000 
 0.5512  0.6205 303.0000 
 0.4137  0.6329 365.0000 
 0.7076  0.6272 896.0000 
 0.6893  0.5710 676.0000 
 0.0289  0.6955 381.0000 
 0.0552  0.6724 290.0000 
 0.0576  0.6768 625.0000 
 0.0191  0.7117 784.0000 
 0.0497  0.6657 362.0000 
 0.0507  0.8116 276.0000 
 0.6210  0.6079 533.0000 
 0.1284  0.6664 1160.0000 
 0.2402  0.6440 941.0000 
 0.3670  0.6435 1049.0000 
 0.0997  0.8522 582.0000 
 0.0654  0.6728 382.0000 
 0.0073  0.7546 273.0000 
 0.0142  0.6534 352.0000 
 0.0791  0.7440 910.0000 
 0.0188  0.7840 213.0000 
 0.0031  0.7610 318.0000 
 0.0279  0.6613 682.0000 
 0.0098  0.7869 305.0000 
 0.0494  0.7601 567.0000 
 0.0037  0.7652 541.0000 
 0.0047  0.6994 845.0000 
 0.0100  0.7050 800.0000 
 0.0216  0.6939 833.0000 
 0.0510  0.7197 314.0000 
 0.0109  0.6981 732.0000 
 0.0569  0.6627 756.0000 
 0.0020  0.7445 501.0000 
 0.5111  0.6803 857.0000 
 0.0075  0.7270 795.0000 
 0.0012  0.7978 811.0000 
 0.0000  0.7679 293.0000 
 0.0000  0.7695 308.0000 
 0.0044  0.8126 459.0000 
 0.0010  0.7482 957.0000 
 0.2641  0.7956 587.0000 
 0.1379  0.6774 899.0000 
 0.9062  0.6249 1045.0000 
 0.0937  0.7158 950.0000 
 0.1211  0.6729 801.0000 
 0.0736  0.7379 1263.0000 
 0.2329  0.5418 790.0000 
 0.0650  0.6725 400.0000 
 0.0000  0.7788 104.0000 
 0.0165  0.6838 544.0000 
 0.0018  0.6351 1140.0000 
 0.0153  0.6169 261.0000 
 0.0000  0.7152 660.0000 
 0.0700  0.6104 829.0000 
 0.0000  0.7216 352.0000 
 0.0000  0.6871 521.0000 
 0.0000  0.6478 301.0000 
 0.0822  0.6575 146.0000 
 0.0000  0.7540 126.0000 
 0.0000  0.6285 533.0000 
 0.0000  0.5925 400.0000 
 0.0000  0.6279 258.0000 
 0.0110  0.6374 91.0000 
 0.1424  0.3989 1657.0000 
 0.0000  0.5646 790.0000 
 0.0000  0.5638 298.0000 
 0.0000  0.5900 261.0000 
 0.0000  0.6916 107.0000 
 0.0000  0.7200 75.0000 
 0.0000  0.7143 105.0000 
 0.0153  0.6935 261.0000 
 0.0024  0.7433 413.0000 
 0.0278  0.8194 72.0000 
 0.0112  0.6027 448.0000 
 0.0183  0.5963 109.0000 
 0.0000  0.7963 108.0000 
 0.0000  0.5828 151.0000 
 0.0142  0.6135 564.0000 
 0.0117  0.5972 772.0000 
 0.0000  0.6773 282.0000 
 0.0000  0.7468 553.0000 
 0.0000  0.7322 295.0000 
 0.0221  0.7143 770.0000 
 0.0054  0.8011 186.0000 
 0.2200  0.7217 1150.0000 
 0.0207  0.6869 677.0000 
 0.6450  0.5631 1490.0000 
 0.2831  0.6598 876.0000 
 0.0080  0.7080 250.0000 
 0.8507  0.6377 991.0000 
 0.9580  0.6746 1214.0000 
 0.1692  0.6535 1495.0000 
 0.0333  0.6727 990.0000 
 0.0322  0.7072 1086.0000 
 0.0000  0.6783 429.0000 
 0.0069  0.7125 1308.0000 
 0.0741  0.7251 1106.0000 
 0.1127  0.7254 692.0000 
 0.0614  0.6715 1108.0000 
 0.0000  0.6616 328.0000 
 0.3222  0.6836 1223.0000 
 0.0000  0.7418 581.0000 
 0.0018  0.7348 543.0000 
 0.0000  0.7284 324.0000 
 0.0000  0.7575 301.0000 
 0.0000  0.7109 294.0000 
 0.5513  0.6682 1121.0000 
 0.0010  0.7565 1039.0000 
 0.5474  0.6857 1034.0000 
 0.5954  0.6730 477.0000 
 0.0000  0.7400 450.0000 
 0.2925  0.6769 817.0000 
 0.9625  0.6504 801.0000 
 0.0156  0.6848 257.0000 
 0.1311  0.7115 305.0000 
 0.0010  0.8413 1040.0000 
 1.0000  0.6775 462.0000 
 0.9964  0.7372 548.0000 
 0.0305  0.8126 491.0000 
 0.7899  0.6717 533.0000 
 0.3368  0.7666 861.0000 
 0.0680  0.7766 882.0000 
 0.2718  0.7006 1229.0000 
 0.0766  0.7206 705.0000 
 0.1912  0.6677 638.0000 
 0.1570  0.7025 242.0000 
 0.0533  0.8000 150.0000 
 0.3797  0.7191 719.0000 
 0.0417  0.8095 168.0000 
 0.4674  0.6739 368.0000 
 0.2375  0.7292 240.0000 
 0.8818  0.6023 347.0000 
 0.2833  0.6533 646.0000 
 0.0050  0.6468 201.0000 
 0.1879  0.8000 495.0000 
 0.1225  0.6670 1135.0000 
 0.0000  0.8409 308.0000 
 0.0084  0.8496 359.0000 
 0.1830  0.7210 448.0000 
 0.8927  0.6728 382.0000 
 0.0000  0.7454 931.0000 
 0.0000  0.8062 578.0000 
 0.0483  0.7448 290.0000 
 0.0035  0.7483 286.0000 
 0.0302  0.7716 232.0000 
 0.8772  0.5731 513.0000 
 0.0063  0.8134 477.0000 
 0.2872  0.6775 679.0000 
 0.0898  0.7852 256.0000 
 0.0115  0.7308 520.0000 
 0.0033  0.6623 302.0000 
 0.7109  0.7123 709.0000 
 0.0877  0.7288 365.0000 
 0.0000  0.7020 151.0000 
 0.0209  0.8220 191.0000 
 0.0000  0.6273 110.0000 
 0.2262  0.6894 367.0000 
 0.4799  0.6494 348.0000 
 0.2456  0.7719 228.0000 
 0.0000  0.6424 151.0000 
 0.2069  0.7586 29.0000 
 0.1518  0.7590 975.0000 
 0.3474  0.7687 1163.0000 
 0.2325  0.8069 1243.0000 
 0.6613  0.7591 930.0000 
 0.1367  0.7989 1522.0000 
 0.1745  0.8107 745.0000 
 0.9087  0.7151 1095.0000 
 0.2826  0.7772 552.0000 
 0.2106  0.7219 489.0000 
 0.5951  0.6443 447.0000 
 0.3525  0.7450 451.0000 
 0.2111  0.7405 289.0000 
 0.2770  0.7542 1379.0000 
 0.2764  0.7407 351.0000 
 0.3875  0.6375 240.0000 
 0.1641  0.6109 329.0000 
 0.1627  0.6827 375.0000 
 0.3294  0.5471 170.0000 
 0.0000  0.7627 177.0000 
 0.4717  0.8302 106.0000 
 0.0168  0.6750 597.0000 
 0.0107  0.7117 281.0000 
 0.0000  0.6096 456.0000 
 0.0000  0.7097 155.0000 
 0.0627  0.7050 383.0000 
 0.1204  0.6078 515.0000 
 0.0000  0.6848 441.0000 
 0.1940  0.6296 629.0000 
 0.3415  0.5517 571.0000 
 0.0816  0.6939 196.0000 
 0.3257  0.5559 304.0000 
 0.0000  0.6357 280.0000 
 0.0042  0.6917 240.0000 
 0.2958  0.7085 1180.0000 
 0.3353  0.7754 668.0000 
 0.4444  0.7436 468.0000 
 0.1866  0.6504 552.0000 
 0.7709  0.7089 371.0000 
 0.8511  0.7822 450.0000 
 0.1856  0.6174 528.0000 
 0.5726  0.7303 241.0000 
 0.7146  0.7024 410.0000 
 0.5279  0.7751 538.0000 
 0.9811  0.5578 848.0000 
 0.6452  0.5290 620.0000 
 0.1019  0.7523 981.0000 
 0.1650  0.6145 703.0000 
 0.3640  0.5980 1107.0000 
 0.2580  0.7074 376.0000 
 0.0000  0.7588 228.0000 
 0.1433  0.7865 698.0000 
 0.0793  0.6621 290.0000 
 0.1332  0.7427 443.0000 
 0.0000  0.8000 160.0000 
 0.6045  0.7019 359.0000 
 0.3031  0.7166 607.0000 
 0.0000  0.6881 202.0000 
 0.0000  0.6965 257.0000 
 0.0000  0.7683 164.0000 
 0.3056  0.6790 324.0000 
 0.1767  0.7629 464.0000 
 0.0000  0.7182 330.0000 
 0.0261  0.7420 345.0000 
 0.0000  0.8049 41.0000 
 0.0000  0.7317 41.0000 
 0.0227  0.7216 176.0000 
 0.0000  0.6658 401.0000 
 0.0000  0.6928 332.0000 
