x	t	n
 0.0789  0.3731 5605.0000 
 0.5933  0.1713 29399.0000 
 0.0561  0.3967 9348.0000 
 0.1616  0.3837 3292.0000 
 0.1998  0.3344 5750.0000 
 0.1198  0.2487 18123.0000 
 0.1792  0.2774 3309.0000 
 0.0202  0.3431 991.0000 
 0.0539  0.3364 1522.0000 
 0.1112  0.2050 17940.0000 
 0.1858  0.2365 11996.0000 
 0.0388  0.3327 9632.0000 
 0.0283  0.3430 5160.0000 
 0.0112  0.3550 7308.0000 
 0.1303  0.3001 4299.0000 
 0.0410  0.3547 5827.0000 
 0.5880  0.1502 12019.0000 
 0.0191  0.3975 732.0000 
 0.0627  0.2875 8754.0000 
 0.0413  0.2715 9258.0000 
 0.0569  0.2986 1440.0000 
 0.0534  0.4229 4474.0000 
 0.1176  0.5209 1292.0000 
 0.1466  0.3592 19400.0000 
 0.1018  0.4003 6030.0000 
 0.0534  0.3609 4516.0000 
 0.1084  0.3220 17217.0000 
 0.1640  0.4374 6196.0000 
 0.1185  0.4220 5917.0000 
 0.1421  0.4441 3652.0000 
 0.0635  0.4343 13446.0000 
 0.0787  0.3768 6406.0000 
 0.1159  0.3628 4201.0000 
 0.0547  0.3299 14251.0000 
 0.0611  0.3971 5485.0000 
 0.4877  0.2894 19399.0000 
 0.1953  0.4927 4532.0000 
 0.0313  0.3916 24300.0000 
 0.0892  0.3987 8730.0000 
 0.1891  0.3067 27010.0000 
 0.0603  0.4056 7359.0000 
 0.0468  0.2068 21476.0000 
 0.0697  0.5073 8245.0000 
 0.3081  0.2211 31229.0000 
 0.1180  0.4715 3425.0000 
 0.0436  0.3899 9248.0000 
 0.1113  0.5066 2578.0000 
 0.0425  0.4574 7549.0000 
 0.0476  0.4724 3023.0000 
 0.1635  0.4135 6525.0000 
 0.1239  0.3193 8209.0000 
 0.1026  0.2478 18291.0000 
 0.0379  0.3565 15020.0000 
 0.0812  0.2831 14353.0000 
 0.0705  0.4204 7688.0000 
 0.0236  0.4258 5385.0000 
 0.0431  0.3757 5361.0000 
 0.0285  0.4093 2282.0000 
 0.0789  0.3996 12985.0000 
 0.0365  0.4920 11501.0000 
 0.0992  0.4893 3597.0000 
 0.1329  0.4030 3665.0000 
 0.0382  0.4067 9238.0000 
 0.0760  0.4117 3172.0000 
 0.0670  0.5395 6280.0000 
 0.2176  0.3445 11777.0000 
 0.0980  0.4204 20101.0000 
 0.0554  0.4517 6303.0000 
 0.0500  0.3937 9956.0000 
 0.0510  0.3884 8241.0000 
 0.0768  0.3002 10056.0000 
 0.0876  0.4513 17956.0000 
 0.0780  0.4580 8402.0000 
 0.0589  0.4065 7125.0000 
 0.0499  0.4179 4652.0000 
 0.1060  0.3272 217.0000 
 0.1040  0.3874 14391.0000 
 0.0470  0.4365 10826.0000 
 0.0442  0.4423 2376.0000 
 0.0519  0.5186 1695.0000 
 0.3269  0.3948 29207.0000 
 0.1369  0.4498 10065.0000 
 0.0506  0.4546 5491.0000 
 0.0418  0.4064 7583.0000 
 0.0617  0.2768 9088.0000 
 0.0590  0.3902 7356.0000 
 0.0964  0.3422 8478.0000 
 0.0457  0.4344 3980.0000 
 0.0291  0.4470 6089.0000 
 0.0262  0.4773 11587.0000 
 0.2333  0.3359 2066.0000 
 0.1543  0.3004 3396.0000 
 0.0900  0.3711 6087.0000 
 0.2338  0.4236 7646.0000 
 0.2428  0.3190 9692.0000 
 0.3851  0.2289 4492.0000 
 0.0776  0.4543 11347.0000 
 0.0875  0.3331 9726.0000 
 0.1289  0.2755 3622.0000 
 0.1866  0.3476 6395.0000 
 0.0589  0.2621 25934.0000 
 0.2871  0.3365 425.0000 
 0.0739  0.3513 7603.0000 
 0.0242  0.4309 2437.0000 
 0.1186  0.2712 5067.0000 
 0.0209  0.4780 3113.0000 
 0.0852  0.2645 15778.0000 
 0.0191  0.3598 15124.0000 
 0.0157  0.4454 3368.0000 
 0.0798  0.4431 12426.0000 
 0.2087  0.2756 7696.0000 
 0.0809  0.3327 23647.0000 
 0.1772  0.1746 6405.0000 
 0.1299  0.3814 5498.0000 
 0.1547  0.3749 963.0000 
 0.3081  0.2152 21767.0000 
 0.0331  0.2904 6043.0000 
 0.0407  0.4726 2186.0000 
 0.0349  0.3718 4042.0000 
 0.0242  0.4146 8305.0000 
 0.0433  0.3550 2310.0000 
 0.0244  0.3101 5086.0000 
 0.0648  0.3922 617.0000 
 0.1937  0.3304 4373.0000 
 0.5619  0.2798 26323.0000 
 0.1312  0.2064 1715.0000 
 0.0315  0.4137 5270.0000 
 0.0238  0.3581 9937.0000 
 0.0158  0.3602 4228.0000 
 0.1456  0.2811 3956.0000 
 0.7679  0.2130 56397.0000 
 0.0926  0.4083 53694.0000 
 0.6241  0.3246 1112.0000 
 0.0816  0.2744 4253.0000 
 0.0580  0.3504 11951.0000 
 0.0364  0.4801 1756.0000 
 0.0825  0.2840 38758.0000 
 0.0200  0.4549 11876.0000 
 0.0261  0.5151 8954.0000 
 0.0126  0.4696 6112.0000 
 0.1354  0.2422 805.0000 
 0.0424  0.4419 1722.0000 
 0.1880  0.2315 14520.0000 
 0.1841  0.3535 3683.0000 
 0.0368  0.3779 3101.0000 
 0.1745  0.3903 26139.0000 
 0.1133  0.2935 7270.0000 
 0.0300  0.3572 7064.0000 
 0.1667  0.3316 4313.0000 
 0.0530  0.4586 5851.0000 
 0.1357  0.3424 18427.0000 
 0.0524  0.3548 7556.0000 
 0.2458  0.3072 21255.0000 
 0.0996  0.3576 1837.0000 
 0.0862  0.3956 3875.0000 
 0.0134  0.4372 3955.0000 
 0.0196  0.3881 16006.0000 
 0.1345  0.3573 11104.0000 
 0.0237  0.5195 4058.0000 
 0.0507  0.3760 12897.0000 
 0.0285  0.4203 7687.0000 
 0.2521  0.4409 837.0000 
 0.0104  0.4505 384.0000 
 0.1951  0.4027 3367.0000 
 0.0187  0.4647 2987.0000 
 0.3910  0.2001 1964.0000 
 0.4020  0.2605 13433.0000 
 0.2020  0.2724 3554.0000 
 0.2037  0.3192 2199.0000 
 0.0740  0.3739 1297.0000 
 0.5437  0.2655 4177.0000 
 0.1524  0.4194 689.0000 
 0.1287  0.3711 3271.0000 
 0.1931  0.3772 1787.0000 
 0.3935  0.2235 5655.0000 
 0.1059  0.3216 19079.0000 
 0.0195  0.6039 308.0000 
 0.0448  0.3495 1050.0000 
 0.1287  0.3787 4996.0000 
 0.2389  0.2973 40840.0000 
 0.1209  0.2499 27592.0000 
 0.1035  0.2983 37107.0000 
 0.0556  0.4238 6348.0000 
 0.0678  0.3623 9896.0000 
 0.9129  0.1759 54575.0000 
 0.0216  0.5000 1668.0000 
 0.0297  0.4105 5966.0000 
 0.0669  0.4635 5441.0000 
 0.7333  0.1465 44964.0000 
 0.0880  0.4571 20472.0000 
 0.1426  0.4197 16612.0000 
 0.0603  0.4639 14511.0000 
 0.3383  0.3432 30047.0000 
 0.6891  0.1504 196421.0000 
 0.1750  0.4390 5217.0000 
 0.0664  0.3441 21962.0000 
 0.0343  0.4832 3965.0000 
 0.2155  0.3370 13249.0000 
 0.0395  0.4244 11089.0000 
 0.0337  0.5014 8121.0000 
 0.1146  0.3674 31496.0000 
 0.1606  0.3190 4191.0000 
 0.1139  0.3132 18528.0000 
 0.0496  0.4486 3792.0000 
 0.1983  0.3444 2764.0000 
 0.0970  0.3408 10012.0000 
 0.1845  0.2821 12194.0000 
 0.0358  0.5699 3911.0000 
 0.0472  0.4085 3366.0000 
 0.1436  0.4084 3440.0000 
 0.0255  0.4098 7572.0000 
 0.1350  0.3658 19346.0000 
 0.0193  0.3326 2432.0000 
 0.0351  0.5265 1168.0000 
 0.2822  0.3728 4748.0000 
 0.0234  0.3994 7109.0000 
 0.0528  0.3500 1383.0000 
 0.2235  0.3835 1481.0000 
 0.0721  0.3276 29100.0000 
 0.0215  0.6220 1767.0000 
 0.0486  0.3493 14906.0000 
 0.0206  0.3454 3454.0000 
 0.2030  0.3801 8151.0000 
 0.0133  0.4908 2553.0000 
 0.0852  0.4487 1092.0000 
 0.0793  0.2724 49284.0000 
 0.1387  0.3119 1651.0000 
 0.1809  0.2357 6749.0000 
 0.1188  0.2362 10603.0000 
 0.1799  0.2642 27815.0000 
 0.4765  0.1904 172703.0000 
 0.0938  0.2771 27420.0000 
 0.1474  0.2662 38516.0000 
 0.0805  0.4387 11830.0000 
 0.2440  0.1609 44047.0000 
 0.1488  0.2132 10122.0000 
 0.2234  0.1839 29955.0000 
 0.0124  0.3341 2658.0000 
 0.0133  0.3924 2258.0000 
 0.0302  0.3717 1555.0000 
 0.1212  0.3404 8188.0000 
 0.0549  0.2933 3280.0000 
 0.0101  0.3950 2172.0000 
 0.0117  0.3270 1107.0000 
 0.0313  0.2869 1279.0000 
 0.0178  0.3047 2865.0000 
 0.0324  0.3355 2471.0000 
 0.0426  0.3348 3190.0000 
 0.0324  0.3562 803.0000 
 0.0306  0.3511 11581.0000 
 0.0239  0.3531 10123.0000 
 0.0138  0.4067 509.0000 
 0.0166  0.5353 3667.0000 
 0.1632  0.2564 4227.0000 
 0.0153  0.3638 1825.0000 
 0.1265  0.3369 16703.0000 
 0.2020  0.3882 28326.0000 
 0.0696  0.3798 67696.0000 
 0.1482  0.3728 4029.0000 
 0.0266  0.4085 1503.0000 
 0.0727  0.4643 8884.0000 
 0.1212  0.3621 20736.0000 
 0.0335  0.5159 1851.0000 
 0.1719  0.2137 10814.0000 
 0.1421  0.4333 10553.0000 
 0.5332  0.2199 65183.0000 
 0.0425  0.4021 4728.0000 
 0.1502  0.4119 11403.0000 
 0.1290  0.3920 14739.0000 
 0.0783  0.4756 1827.0000 
 0.0369  0.3476 5118.0000 
 0.1050  0.3677 33158.0000 
 0.1823  0.2965 69406.0000 
 0.1366  0.3290 10592.0000 
 0.1014  0.2806 4005.0000 
 0.1063  0.4606 10110.0000 
 0.0419  0.3277 10190.0000 
 0.0243  0.5238 5389.0000 
 0.0389  0.4707 18520.0000 
 0.3746  0.1802 34679.0000 
 0.1943  0.2824 25060.0000 
 0.0985  0.2634 42905.0000 
 0.3700  0.1824 31084.0000 
 0.3262  0.2402 37801.0000 
 0.1907  0.2336 11329.0000 
 0.0586  0.3254 27444.0000 
 0.0125  0.3239 6089.0000 
 0.1472  0.3448 19226.0000 
 0.1113  0.3638 15694.0000 
 0.0518  0.3215 10868.0000 
 0.0431  0.3246 6174.0000 
 0.1294  0.2791 75003.0000 
 0.1495  0.3466 12859.0000 
 0.0168  0.4623 597.0000 
 0.1122  0.4067 1372.0000 
 0.5807  0.1954 12341.0000 
 0.0547  0.5307 4809.0000 
 0.0587  0.3721 3440.0000 
 0.0620  0.4831 3500.0000 
 0.0495  0.4566 6365.0000 
 0.0171  0.3964 994.0000 
 0.1950  0.2839 10792.0000 
 0.0551  0.3400 944.0000 
 0.0762  0.5609 3922.0000 
 0.0273  0.3009 1100.0000 
 0.2363  0.3120 8050.0000 
 0.0949  0.3467 18912.0000 
 0.0424  0.3500 16608.0000 
 0.0256  0.3781 3978.0000 
 0.0998  0.4601 8363.0000 
 0.0709  0.3403 27613.0000 
 0.0172  0.6061 754.0000 
 0.0219  0.2286 7896.0000 
 0.1118  0.3656 5875.0000 
 0.0170  0.5457 4299.0000 
 0.2344  0.2698 22162.0000 
 0.0666  0.3741 19028.0000 
 0.1011  0.3240 19947.0000 
 0.1070  0.3222 7296.0000 
 0.0527  0.3934 50854.0000 
 0.0645  0.3997 3675.0000 
 0.0111  0.4095 2801.0000 
 0.3402  0.3380 21978.0000 
 0.0513  0.4081 4038.0000 
 0.0925  0.3775 18836.0000 
 0.0653  0.4403 4779.0000 
 0.2736  0.3503 8823.0000 
 0.0484  0.7000 640.0000 
 0.0312  0.4570 1536.0000 
 0.0582  0.6111 2304.0000 
 0.1552  0.3337 857.0000 
 0.1442  0.3935 1207.0000 
 0.0187  0.4794 4549.0000 
 0.2195  0.3338 9135.0000 
 0.0159  0.3774 4414.0000 
 0.0437  0.4621 2426.0000 
 0.0267  0.4560 6226.0000 
 0.0714  0.2961 6596.0000 
 0.0243  0.4197 2876.0000 
 0.0163  0.3550 5643.0000 
 0.0190  0.4482 6116.0000 
 0.0427  0.4441 7327.0000 
 0.0260  0.4718 922.0000 
 0.0268  0.3812 4410.0000 
 0.0317  0.3826 10780.0000 
 0.2023  0.2229 11692.0000 
 0.0707  0.4318 7664.0000 
 0.0342  0.4214 6779.0000 
 0.0644  0.3803 8917.0000 
 0.0197  0.5126 2944.0000 
 0.0174  0.3571 13247.0000 
 0.0315  0.3939 6321.0000 
 0.0474  0.3119 8737.0000 
 0.0770  0.3432 13127.0000 
 0.0227  0.5219 3476.0000 
 0.0536  0.3169 2591.0000 
 0.0722  0.4160 11750.0000 
 0.0924  0.4236 15955.0000 
 0.0501  0.4450 4151.0000 
 0.2723  0.2388 13572.0000 
 0.0198  0.5420 2725.0000 
 0.0547  0.3069 2760.0000 
 0.0593  0.2398 15795.0000 
 0.1357  0.2684 38824.0000 
 0.0420  0.4014 6068.0000 
 0.0253  0.3969 9906.0000 
 0.0832  0.3648 14456.0000 
 0.0159  0.3499 1829.0000 
 0.0445  0.2771 4857.0000 
 0.0578  0.3288 14813.0000 
 0.0499  0.3189 14844.0000 
 0.3523  0.1306 965.0000 
 0.0295  0.4434 10755.0000 
 0.0693  0.3276 4200.0000 
 0.0303  0.3908 8591.0000 
 0.0253  0.4046 6611.0000 
 0.0143  0.4573 32956.0000 
 0.0184  0.3377 50930.0000 
 0.0259  0.3702 57622.0000 
 0.0554  0.3358 24251.0000 
 0.1369  0.2815 2082.0000 
 0.1797  0.3533 32461.0000 
 0.0113  0.3677 9915.0000 
 0.0358  0.4981 31735.0000 
 0.0459  0.2797 4441.0000 
 0.0208  0.4230 4142.0000 
 0.0344  0.3630 1774.0000 
 0.0284  0.5198 1162.0000 
 0.1980  0.2954 2576.0000 
 0.0114  0.3571 10255.0000 
 0.0145  0.3596 2339.0000 
 0.0164  0.3487 5871.0000 
 0.0618  0.2801 59001.0000 
 0.0587  0.3383 5519.0000 
 0.0116  0.3286 13843.0000 
 0.0504  0.3232 9572.0000 
 0.0313  0.3466 6527.0000 
 0.5115  0.1482 42077.0000 
 0.5583  0.1314 99895.0000 
 0.0255  0.3760 8187.0000 
 0.1108  0.3757 3801.0000 
 0.0429  0.3110 9258.0000 
 0.0322  0.4060 8414.0000 
 0.0563  0.3523 7408.0000 
 0.0441  0.3324 37343.0000 
 0.0240  0.2661 18562.0000 
 0.0451  0.4114 9022.0000 
 0.0791  0.4441 2085.0000 
 0.1554  0.3293 6340.0000 
 0.0157  0.3369 1208.0000 
 0.0538  0.5725 966.0000 
 0.0418  0.5680 1389.0000 
 0.2669  0.3076 1424.0000 
 0.1350  0.3689 1274.0000 
 0.3721  0.2888 3577.0000 
 0.0160  0.4062 10401.0000 
 0.1234  0.3837 2325.0000 
 0.0966  0.3437 5871.0000 
 0.2017  0.3610 1914.0000 
 0.4846  0.3356 4872.0000 
 0.0434  0.4225 2374.0000 
 0.1310  0.3719 2466.0000 
 0.0422  0.3270 5906.0000 
 0.0442  0.4049 13691.0000 
 0.0242  0.4327 5295.0000 
 0.0829  0.3168 7512.0000 
 0.0585  0.4075 8130.0000 
 0.0640  0.3683 25274.0000 
 0.0290  0.4573 551.0000 
 0.2758  0.2934 33966.0000 
 0.0457  0.3718 3526.0000 
 0.0742  0.3576 21055.0000 
 0.0742  0.4157 7090.0000 
 0.1258  0.2893 14735.0000 
 0.0302  0.4562 1657.0000 
 0.0125  0.3501 4864.0000 
 0.0521  0.4704 557.0000 
 0.1816  0.3292 9412.0000 
 0.1361  0.2728 3255.0000 
 0.0750  0.4750 8128.0000 
 0.0552  0.4322 4061.0000 
 0.0233  0.2747 557.0000 
 0.0280  0.3100 4209.0000 
 0.0163  0.3769 674.0000 
 0.0264  0.3521 5752.0000 
 0.0144  0.3093 3682.0000 
 0.0313  0.4349 1950.0000 
 0.0236  0.2889 1866.0000 
 0.0328  0.2626 11223.0000 
 0.0101  0.3638 1391.0000 
 0.0464  0.3169 2048.0000 
 0.0211  0.3036 5691.0000 
 0.0101  0.3959 10903.0000 
 0.0362  0.3915 2600.0000 
 0.0171  0.4322 2927.0000 
 0.0222  0.2794 1618.0000 
 0.0158  0.3259 14248.0000 
 0.0492  0.3357 6750.0000 
 0.0769  0.4625 9198.0000 
 0.0266  0.4687 12092.0000 
 0.0428  0.4518 17830.0000 
 0.3171  0.1678 82878.0000 
 0.0910  0.4663 5428.0000 
 0.4497  0.2741 16190.0000 
 0.0356  0.4101 6157.0000 
 0.2098  0.3412 29449.0000 
 0.0233  0.4705 5450.0000 
 0.0600  0.4261 8944.0000 
 0.7057  0.1805 34523.0000 
 0.2306  0.3710 20063.0000 
 0.4009  0.2625 15907.0000 
 0.0645  0.3812 10339.0000 
 0.1546  0.4072 16633.0000 
 0.0611  0.4513 11268.0000 
 0.0946  0.3928 15759.0000 
 0.1256  0.3667 41260.0000 
 0.0783  0.4416 21976.0000 
 0.0149  0.3893 2813.0000 
 0.0161  0.2745 1989.0000 
 0.0193  0.3671 1967.0000 
 0.0169  0.3127 1775.0000 
 0.0144  0.4252 1317.0000 
 0.0512  0.3773 6250.0000 
 0.0124  0.3758 886.0000 
 0.0110  0.4929 1272.0000 
 0.0244  0.3549 2911.0000 
 0.0222  0.4066 1798.0000 
 0.0196  0.3377 3921.0000 
 0.0721  0.2510 5398.0000 
 0.0344  0.2894 11837.0000 
 0.0358  0.2849 4808.0000 
 0.0138  0.3783 3841.0000 
 0.0302  0.3577 2815.0000 
