t	   x		 n
 0.6690  0.0449 495.0000 
 0.2885  0.7152 493.0000 
 0.5662  0.1324 488.0000 
 0.6048  0.4647 523.0000 
 0.3852  0.4145 491.0000 
 0.3475  0.1242 509.0000 
 0.2815  0.5757 524.0000 
 0.2877  0.5913 525.0000 
 0.6945  0.1601 520.0000 
 0.7801  0.1856 506.0000 
 0.5784  0.0124 527.0000 
 0.8778  0.0716 484.0000 
 0.5092  0.2061 505.0000 
 0.5507  0.3487 517.0000 
 0.7629  0.0014 515.0000 
 0.5572  0.2986 459.0000 
 0.3270  0.9073 515.0000 
 0.3289  0.7003 464.0000 
 0.2206  0.8697 495.0000 
 0.1450  0.9257 525.0000 
 0.5842  0.5277 524.0000 
 0.8591  0.0235 529.0000 
 0.5462  0.4472 488.0000 
 0.7140  0.0073 523.0000 
 0.4891  0.7972 512.0000 
 0.4504  0.3848 478.0000 
 0.4995  0.1693 491.0000 
 0.7173  0.4271 473.0000 
 0.3777  0.6887 491.0000 
 0.7206  0.0779 479.0000 
 0.5977  0.3129 501.0000 
 0.4094  0.5642 504.0000 
 0.2797  0.8053 520.0000 
 0.9268  0.0019 503.0000 
 0.5619  0.3827 519.0000 
 0.4176  0.4029 508.0000 
 0.6688  0.0187 523.0000 
 0.4632  0.8022 516.0000 
 0.2723  0.9117 508.0000 
 0.5216  0.5371 521.0000 
 0.5360  0.2490 493.0000 
 0.5245  0.3524 488.0000 
 0.6312  0.1928 490.0000 
 0.2305  0.7734 512.0000 
 0.3196  0.5264 511.0000 
 0.3454  0.4047 492.0000 
 0.3697  0.7068 507.0000 
 0.6073  0.2869 497.0000 
 0.2780  0.7269 506.0000 
 0.3899  0.4879 474.0000 
 0.7129  0.2617 512.0000 
 0.4042  0.5303 460.0000 
 0.4249  0.6199 526.0000 
 0.5424  0.3804 522.0000 
 0.8131  0.1103 497.0000 
 0.5014  0.3527 524.0000 
 0.7794  0.1211 518.0000 
 0.3870  0.7362 521.0000 
 0.5262  0.5605 490.0000 
 0.6968  0.0281 482.0000 
 0.2691  0.8898 509.0000 
 0.3031  0.6930 515.0000 
 0.3135  0.8444 494.0000 
 0.5289  0.1490 449.0000 
 0.2882  0.6612 509.0000 
 0.3964  0.5392 509.0000 
 0.4424  0.2620 505.0000 
 0.5826  0.5873 509.0000 
 0.2473  0.9552 487.0000 
 0.1447  0.7690 469.0000 
 0.3406  0.8651 525.0000 
 0.1708  0.9752 536.0000 
 0.6552  0.0515 477.0000 
 0.4362  0.1032 517.0000 
 0.8434  0.1960 549.0000 
